Eigenvalue 1
-0.001041
-0.002083
-0.003124
-0.004165
-0.005207
-0.006248
-0.007289
-0.008331
-0.009372
-0.010413
-0.011455
-0.012496
-0.013537
-0.014578
-0.015619
-0.016661
-0.017702
-0.018743
-0.019783
-0.020824
-0.021865
-0.022905
-0.023945
-0.024985
-0.026025
-0.027064
-0.028103
-0.029142
-0.030181
-0.031218
-0.032256
-0.033293
-0.034329
-0.035364
-0.036399
-0.037433
-0.038466
-0.039498
-0.040529
-0.041559
-0.042588
-0.043616
-0.044642
-0.045666
-0.046689
-0.047710
-0.048729
-0.049747
-0.050762
-0.051775
-0.052785
-0.053793
-0.054798
-0.055801
-0.056800
-0.057797
-0.058789
-0.059779
-0.060764
-0.061746
-0.062723
-0.063697
-0.064665
-0.065629
-0.066588
-0.067541
-0.068489
-0.069432
-0.070368
-0.071298
-0.072221
-0.073138
-0.074048
-0.074950
-0.075844
-0.076731
-0.077609
-0.078479
-0.079339
-0.080191
-0.081032
-0.081864
-0.082685
-0.083496
-0.084295
-0.085083
-0.085860
-0.086624
-0.087375
-0.088114
-0.088838
-0.089550
-0.090246
-0.090928
-0.091595
-0.092247
-0.092882
-0.093501
-0.094103
-0.094687
-0.095254
-0.095802
-0.096332
-0.096842
-0.097332
-0.097803
-0.098252
-0.098680
-0.099086
-0.099470
-0.099832
-0.100170
-0.100484
-0.100774
-0.101039
-0.101279
-0.101494
-0.101682
-0.101843
-0.101976
-0.102082
-0.102160
-0.102209
-0.102229
-0.102218
-0.102178
-0.102107
-0.102004
-0.101870
-0.101704
-0.101505
-0.101273
-0.101008
-0.100709
-0.100375
-0.100007
-0.099603
-0.099165
-0.098690
-0.098179
-0.097632
-0.097048
-0.096426
-0.095767
-0.095071
-0.094336
-0.093564
-0.092753
-0.091903
-0.091015
-0.090087
-0.089121
-0.088116
-0.087071
-0.085987
-0.084864
-0.083701
-0.082500
-0.081259
-0.079979
-0.078660
-0.077302
-0.075906
-0.074472
-0.072999
-0.071488
-0.069940
-0.068355
-0.066734
-0.065076
-0.063382
-0.061653
-0.059889
-0.058091
-0.056260
-0.054395
-0.052499
-0.050571
-0.048613
-0.046626
-0.044609
-0.042565
-0.040494
-0.038396
-0.036275
-0.034129
-0.031961
-0.029772
-0.027563
-0.025335
-0.023089
-0.020828
-0.018552
-0.016262
-0.013961
-0.011650
-0.009331
-0.007004
-0.004672
-0.002337
Eigenvalue 2
0.001629
0.003258
0.004888
0.006517
0.008146
0.009775
0.011405
0.013034
0.014663
0.016292
0.017921
0.019550
0.021178
0.022807
0.024434
0.026062
0.027689
0.029315
0.030941
0.032566
0.034190
0.035812
0.037434
0.039053
0.040671
0.042287
0.043900
0.045511
0.047119
0.048724
0.050325
0.051923
0.053516
0.055104
0.056687
0.058264
0.059836
0.061400
0.062957
0.064506
0.066047
0.067578
0.069100
0.070611
0.072110
0.073598
0.075072
0.076533
0.077979
0.079409
0.080823
0.082219
0.083597
0.084955
0.086292
0.087607
0.088900
0.090168
0.091410
0.092626
0.093814
0.094972
0.096100
0.097196
0.098258
0.099285
0.100275
0.101228
0.102141
0.103013
0.103842
0.104628
0.105367
0.106059
0.106701
0.107293
0.107832
0.108317
0.108747
0.109119
0.109431
0.109683
0.109872
0.109997
0.110056
0.110047
0.109969
0.109821
0.109600
0.109306
0.108936
0.108490
0.107965
0.107361
0.106676
0.105909
0.105059
0.104125
0.103106
0.102001
0.100808
0.099528
0.098160
0.096703
0.095157
0.093521
0.091795
0.089980
0.088076
0.086082
0.083999
0.081827
0.079568
0.077223
0.074791
0.072275
0.069676
0.066995
0.064235
0.061397
0.058483
0.055496
0.052438
0.049312
0.046122
0.042870
0.039560
0.036195
0.032779
0.029317
0.025812
0.022269
0.018693
0.015089
0.011461
0.007816
0.004158
0.000493
-0.003172
-0.006832
-0.010480
-0.014111
-0.017717
-0.021293
-0.024830
-0.028323
-0.031764
-0.035145
-0.038461
-0.041704
-0.044866
-0.047941
-0.050920
-0.053797
-0.056564
-0.059215
-0.061742
-0.064139
-0.066398
-0.068513
-0.070477
-0.072285
-0.073929
-0.075405
-0.076707
-0.077829
-0.078767
-0.079516
-0.080072
-0.080432
-0.080592
-0.080550
-0.080302
-0.079849
-0.079187
-0.078317
-0.077238
-0.075952
-0.074458
-0.072759
-0.070858
-0.068757
-0.066460
-0.063972
-0.061297
-0.058442
-0.055413
-0.052217
-0.048863
-0.045358
-0.041712
-0.037936
-0.034039
-0.030033
-0.025930
-0.021742
-0.017482
-0.013164
-0.008801
-0.004408
Eigenvalue 3
-0.002116
-0.004231
-0.006347
-0.008463
-0.010578
-0.012694
-0.014809
-0.016925
-0.019040
-0.021155
-0.023270
-0.025384
-0.027497
-0.029610
-0.031722
-0.033832
-0.035941
-0.038048
-0.040153
-0.042255
-0.044354
-0.046450
-0.048541
-0.050627
-0.052708
-0.054783
-0.056851
-0.058911
-0.060962
-0.063004
-0.065034
-0.067053
-0.069059
-0.071050
-0.073025
-0.074983
-0.076923
-0.078842
-0.080739
-0.082612
-0.084460
-0.086280
-0.088071
-0.089830
-0.091555
-0.093244
-0.094894
-0.096504
-0.098070
-0.099590
-0.101061
-0.102481
-0.103846
-0.105154
-0.106402
-0.107587
-0.108705
-0.109754
-0.110730
-0.111630
-0.112451
-0.113189
-0.113842
-0.114405
-0.114875
-0.115250
-0.115526
-0.115698
-0.115765
-0.115723
-0.115569
-0.115299
-0.114910
-0.114400
-0.113766
-0.113005
-0.112114
-0.111091
-0.109934
-0.108640
-0.107208
-0.105637
-0.103924
-0.102068
-0.100069
-0.097926
-0.095639
-0.093208
-0.090633
-0.087915
-0.085054
-0.082054
-0.078915
-0.075639
-0.072230
-0.068691
-0.065026
-0.061239
-0.057334
-0.053316
-0.049192
-0.044968
-0.040651
-0.036247
-0.031765
-0.027212
-0.022599
-0.017934
-0.013226
-0.008488
-0.003729
0.001040
0.005805
0.010556
0.015280
0.019963
0.024592
0.029153
0.033633
0.038018
0.042293
0.046444
0.050456
0.054315
0.058007
0.061516
0.064830
0.067934
0.070814
0.073458
0.075853
0.077986
0.079847
0.081423
0.082706
0.083687
0.084356
0.084707
0.084734
0.084432
0.083798
0.082828
0.081523
0.079883
0.077909
0.075606
0.072980
0.070035
0.066783
0.063232
0.059395
0.055285
0.050919
0.046312
0.041485
0.036456
0.031250
0.025888
0.020396
0.014801
0.009129
0.003409
-0.002329
-0.008054
-0.013735
-0.019342
-0.024840
-0.030200
-0.035387
-0.040371
-0.045120
-0.049603
-0.053790
-0.057653
-0.061164
-0.064297
-0.067029
-0.069338
-0.071204
-0.072609
-0.073541
-0.073986
-0.073938
-0.073390
-0.072340
-0.070792
-0.068750
-0.066222
-0.063223
-0.059767
-0.055877
-0.051575
-0.046890
-0.041852
-0.036497
-0.030861
-0.024986
-0.018915
-0.012695
-0.006373
Eigenvalue 4
0.002547
0.005094
0.007641
0.010188
0.012735
0.015282
0.017829
0.020375
0.022922
0.025467
0.028012
0.030556
0.033098
0.035639
0.038178
0.040713
0.043246
0.045774
0.048297
0.050815
0.053325
0.055828
0.058322
0.060805
0.063277
0.065735
0.068177
0.070603
0.073009
0.075395
0.077757
0.080093
0.082400
0.084677
0.086919
0.089124
0.091289
0.093410
0.095483
0.097506
0.099473
0.101382
0.103228
0.105006
0.106713
0.108343
0.109892
0.111355
0.112726
0.114002
0.115176
0.116244
0.117200
0.118039
0.118755
0.119343
0.119797
0.120113
0.120284
0.120305
0.120171
0.119877
0.119418
0.118789
0.117986
0.117004
0.115839
0.114487
0.112946
0.111210
0.109279
0.107150
0.104821
0.102291
0.099559
0.096626
0.093491
0.090157
0.086624
0.082897
0.078978
0.074873
0.070585
0.066122
0.061490
0.056698
0.051754
0.046669
0.041452
0.036118
0.030677
0.025144
0.019534
0.013863
0.008148
0.002406
-0.003344
-0.009083
-0.014790
-0.020444
-0.026024
-0.031508
-0.036874
-0.042097
-0.047154
-0.052024
-0.056680
-0.061102
-0.065264
-0.069145
-0.072722
-0.075973
-0.078877
-0.081416
-0.083570
-0.085322
-0.086657
-0.087560
-0.088019
-0.088025
-0.087570
-0.086648
-0.085257
-0.083396
-0.081069
-0.078280
-0.075038
-0.071356
-0.067248
-0.062732
-0.057830
-0.052566
-0.046969
-0.041068
-0.034899
-0.028498
-0.021905
-0.015162
-0.008313
-0.001406
0.005511
0.012388
0.019174
0.025817
0.032264
0.038464
0.044365
0.049916
0.055068
0.059773
0.063988
0.067669
0.070780
0.073286
0.075156
0.076368
0.076900
0.076740
0.075880
0.074319
0.072063
0.069124
0.065522
0.061284
0.056443
0.051041
0.045124
0.038748
0.031971
0.024861
0.017488
0.009928
0.002260
-0.005432
-0.013064
-0.020550
-0.027803
-0.034737
-0.041269
-0.047317
-0.052803
-0.057657
-0.061812
-0.065209
-0.067798
-0.069538
-0.070397
-0.070355
-0.069402
-0.067542
-0.064789
-0.061171
-0.056727
-0.051509
-0.045581
-0.039019
-0.031907
-0.024342
-0.016427
-0.008274
Eigenvalue 5
0.002942
0.005884
0.008826
0.011768
0.014709
0.017651
0.020592
0.023533
0.026474
0.029413
0.032351
0.035287
0.038220
0.041151
0.044077
0.046998
0.049913
0.052821
0.055719
0.058607
0.061483
0.064344
0.067189
0.070014
0.072818
0.075598
0.078349
0.081070
0.083756
0.086404
0.089009
0.091567
0.094074
0.096524
0.098913
0.101235
0.103484
0.105655
0.107742
0.109737
0.111634
0.113427
0.115108
0.116671
0.118107
0.119409
0.120570
0.121582
0.122436
0.123125
0.123641
0.123977
0.124123
0.124073
0.123819
0.123354
0.122671
0.121762
0.120621
0.119244
0.117623
0.115754
0.113634
0.111257
0.108622
0.105727
0.102571
0.099152
0.095474
0.091537
0.087344
0.082902
0.078215
0.073290
0.068137
0.062765
0.057187
0.051416
0.045466
0.039354
0.033098
0.026719
0.020237
0.013675
0.007058
0.000412
-0.006236
-0.012857
-0.019421
-0.025897
-0.032252
-0.038455
-0.044472
-0.050268
-0.055810
-0.061063
-0.065993
-0.070568
-0.074754
-0.078520
-0.081835
-0.084671
-0.087002
-0.088803
-0.090053
-0.090732
-0.090826
-0.090323
-0.089215
-0.087497
-0.085171
-0.082242
-0.078720
-0.074619
-0.069962
-0.064772
-0.059080
-0.052923
-0.046343
-0.039384
-0.032099
-0.024544
-0.016778
-0.008866
-0.000876
0.007122
0.015055
0.022849
0.030426
0.037712
0.044630
0.051107
0.057071
0.062453
0.067188
0.071217
0.074486
0.076949
0.078567
0.079309
0.079154
0.078091
0.076119
0.073249
0.069502
0.064912
0.059523
0.053391
0.046584
0.039180
0.031267
0.022942
0.014311
0.005486
-0.003414
-0.012266
-0.020946
-0.029328
-0.037286
-0.044700
-0.051452
-0.057434
-0.062544
-0.066693
-0.069805
-0.071819
-0.072688
-0.072384
-0.070899
-0.068243
-0.064446
-0.059559
-0.053653
-0.046818
-0.039162
-0.030813
-0.021911
-0.012612
-0.003082
0.006506
0.015971
0.025134
0.033814
0.041839
0.049044
0.055277
0.060403
0.064306
0.066892
0.068095
0.067874
0.066219
0.063150
0.058719
0.053007
0.046128
0.038222
0.029457
0.020022
0.010129
Eigenvalue 6
-0.003310
-0.006620
-0.009930
-0.013240
-0.016549
-0.019859
-0.023168
-0.026476
-0.029784
-0.033089
-0.036393
-0.039693
-0.042989
-0.046280
-0.049565
-0.052841
-0.056107
-0.059360
-0.062600
-0.065822
-0.069023
-0.072202
-0.075353
-0.078473
-0.081558
-0.084603
-0.087604
-0.090553
-0.093447
-0.096279
-0.099041
-0.101728
-0.104332
-0.106846
-0.109260
-0.111567
-0.113758
-0.115824
-0.117755
-0.119541
-0.121173
-0.122640
-0.123933
-0.125039
-0.125949
-0.126652
-0.127137
-0.127393
-0.127410
-0.127178
-0.126687
-0.125926
-0.124887
-0.123562
-0.121941
-0.120018
-0.117787
-0.115242
-0.112379
-0.109195
-0.105687
-0.101857
-0.097705
-0.093233
-0.088447
-0.083353
-0.077960
-0.072279
-0.066322
-0.060104
-0.053644
-0.046960
-0.040074
-0.033013
-0.025802
-0.018470
-0.011051
-0.003577
0.003914
0.011386
0.018797
0.026106
0.033269
0.040243
0.046980
0.053436
0.059565
0.065318
0.070652
0.075521
0.079882
0.083693
0.086915
0.089513
0.091452
0.092705
0.093247
0.093059
0.092127
0.090444
0.088007
0.084823
0.080903
0.076269
0.070947
0.064973
0.058390
0.051250
0.043612
0.035541
0.027112
0.018404
0.009503
0.000501
-0.008506
-0.017420
-0.026137
-0.034556
-0.042573
-0.050087
-0.056998
-0.063211
-0.068639
-0.073198
-0.076817
-0.079432
-0.080992
-0.081460
-0.080812
-0.079039
-0.076149
-0.072165
-0.067129
-0.061100
-0.054152
-0.046378
-0.037886
-0.028799
-0.019252
-0.009394
0.000618
0.010620
0.020443
0.029915
0.038868
0.047136
0.054562
0.061000
0.066318
0.070402
0.073157
0.074515
0.074429
0.072882
0.069886
0.065481
0.059740
0.052764
0.044683
0.035654
0.025859
0.015502
0.004804
-0.006002
-0.016672
-0.026961
-0.036626
-0.045434
-0.053166
-0.059623
-0.064633
-0.068056
-0.069788
-0.069766
-0.067971
-0.064427
-0.059206
-0.052428
-0.044254
-0.034889
-0.024574
-0.013583
-0.002214
0.009218
0.020387
0.030970
0.040653
0.049140
0.056168
0.061509
0.064983
0.066465
0.065886
0.063244
0.058600
0.052083
0.043883
0.034251
0.023489
0.011946
