x y interpolated
-3 -0.3 -0.3
-2.94472 -0.304478 2.65358
-2.88945 -0.309068 4.29664
-2.83417 -0.313774 5.0033
-2.77889 -0.318598 5.06559
-2.72362 -0.323543 4.70808
-2.66834 -0.328612 4.10034
-2.61307 -0.333805 3.36752
-2.55779 -0.339127 2.59922
-2.50251 -0.344577 1.857
-2.44724 -0.350157 1.18059
-2.39196 -0.355868 0.593007
-2.33668 -0.361711 0.104801
-2.28141 -0.367683 -0.282539
-2.22613 -0.373784 -0.573832
-2.17085 -0.380011 -0.778029
-2.11558 -0.38636 -0.906512
-2.0603 -0.392824 -0.971796
-2.00503 -0.399397 -0.986567
-1.94975 -0.406069 -0.96298
-1.89447 -0.412827 -0.912186
-1.8392 -0.419655 -0.844035
-1.78392 -0.426533 -0.766911
-1.72864 -0.433439 -0.687683
-1.67337 -0.440342 -0.61173
-1.61809 -0.447207 -0.543023
-1.56281 -0.453991 -0.484257
-1.50754 -0.460645 -0.436994
-1.45226 -0.467106 -0.401834
-1.39698 -0.473303 -0.378577
-1.34171 -0.479151 -0.366393
-1.28643 -0.484549 -0.363975
-1.23116 -0.48938 -0.369685
-1.17588 -0.493509 -0.38168
-1.1206 -0.496776 -0.398029
-1.06533 -0.499001 -0.416809
-1.01005 -0.499975 -0.436177
-0.954774 -0.499465 -0.45444
-0.899497 -0.497208 -0.470098
-0.844221 -0.492916 -0.481876
-0.788945 -0.486272 -0.488745
-0.733668 -0.476944 -0.48993
-0.678392 -0.464583 -0.484906
-0.623116 -0.448842 -0.473394
-0.567839 -0.429387 -0.455338
-0.512563 -0.405919 -0.43089
-0.457286 -0.378201 -0.400381
-0.40201 -0.346079 -0.364296
-0.346734 -0.309522 -0.323244
-0.291457 -0.268637 -0.277931
-0.236181 -0.223702 -0.229131
-0.180905 -0.175172 -0.177659
-0.125628 -0.123676 -0.124344
-0.0703518 -0.0700053 -0.0700104
-0.0150754 -0.015072 -0.0154549
0.040201 0.0401361 0.0385701
0.0954774 0.0946149 0.0913708
0.150754 0.147404 0.142323
0.20603 0.197641 0.190881
0.261307 0.244605 0.236584
0.316583 0.287744 0.279056
0.371859 0.326685 0.31801
0.427136 0.361231 0.353244
0.482412 0.391339 0.384639
0.537688 0.417101 0.412153
0.592965 0.438711 0.435815
0.648241 0.456438 0.455716
0.703518 0.4706 0.472004
0.758794 0.481539 0.484872
0.81407 0.489604 0.494552
0.869347 0.495139 0.501303
0.924623 0.498468 0.505405
0.979899 0.499897 0.507151
1.03518 0.499701 0.506838
1.09045 0.498131 0.50476
1.14573 0.495409 0.501202
1.20101 0.491729 0.496436
1.25628 0.487263 0.490716
1.31156 0.482158 0.484274
1.36683 0.476542 0.477317
1.42211 0.470524 0.470028
1.47739 0.464197 0.46256
1.53266 0.45764 0.455044
1.58794 0.45092 0.44758
1.64322 0.444093 0.440248
1.69849 0.437206 0.433101
1.75377 0.430298 0.426174
1.80905 0.423402 0.419481
1.86432 0.416543 0.413024
1.9196 0.409745 0.406791
1.97487 0.403025 0.400758
2.03015 0.396397 0.394898
2.08543 0.389872 0.389178
2.1407 0.383459 0.383564
2.19598 0.377165 0.378021
2.25126 0.370995 0.37252
2.30653 0.364952 0.367033
2.36181 0.359039 0.36154
2.41709 0.353256 0.356027
2.47236 0.347604 0.350487
2.52764 0.342083 0.344918
2.58291 0.336692 0.339329
2.63819 0.331429 0.333732
2.69347 0.326292 0.328146
2.74874 0.32128 0.322594
2.80402 0.316391 0.317104
2.8593 0.31162 0.311705
2.91457 0.306967 0.306426
2.96985 0.302429 0.301296
3.02513 0.298001 0.296343
3.0804 0.293683 0.29159
3.13568 0.28947 0.287057
3.19095 0.28536 0.282756
3.24623 0.281351 0.278696
3.30151 0.277439 0.274878
3.35678 0.273621 0.271296
3.41206 0.269895 0.267937
3.46734 0.266259 0.264781
3.52261 0.262709 0.261804
3.57789 0.259243 0.258977
3.63317 0.255859 0.256264
3.68844 0.252553 0.25363
3.74372 0.249325 0.251037
3.79899 0.246171 0.248448
3.85427 0.243089 0.245829
3.90955 0.240077 0.243147
3.96482 0.237133 0.240378
4.0201 0.234255 0.237501
4.07538 0.231441 0.234505
4.13065 0.228689 0.231386
4.18593 0.225998 0.228151
4.24121 0.223364 0.224814
4.29648 0.220788 0.221402
4.35176 0.218267 0.217947
4.40704 0.215799 0.214491
4.46231 0.213383 0.211082
4.51759 0.211017 0.207773
4.57286 0.208701 0.204618
4.62814 0.206432 0.201672
4.68342 0.204209 0.198987
4.73869 0.202032 0.19661
4.79397 0.199897 0.194577
4.84925 0.197806 0.192916
4.90452 0.195755 0.191638
4.9598 0.193745 0.190739
5.01508 0.191774 0.190194
5.07035 0.189841 0.189961
5.12563 0.187944 0.189977
5.1809 0.186084 0.190157
5.23618 0.184258 0.190399
5.29146 0.182467 0.190585
5.34673 0.180709 0.190583
5.40201 0.178983 0.190255
5.45729 0.177288 0.189458
5.51256 0.175624 0.188058
5.56784 0.17399 0.18593
5.62312 0.172385 0.182975
5.67839 0.170809 0.179124
5.73367 0.16926 0.174349
5.78894 0.167738 0.168674
5.84422 0.166242 0.16218
5.8995 0.164772 0.155019
5.95477 0.163326 0.147414
6.01005 0.161906 0.139664
6.06533 0.160509 0.132145
6.1206 0.159135 0.125305
6.17588 0.157783 0.119655
6.23116 0.156454 0.115751
6.28643 0.155147 0.11418
6.34171 0.15386 0.115522
6.39698 0.152595 0.120322
6.45226 0.151349 0.129042
6.50754 0.150123 0.142007
6.56281 0.148916 0.159353
6.61809 0.147728 0.180953
6.67337 0.146558 0.206354
6.72864 0.145407 0.234697
6.78392 0.144273 0.264652
6.8392 0.143155 0.294348
6.89447 0.142055 0.321317
6.94975 0.140971 0.342461
7.00503 0.139904 0.354044
7.0603 0.138852 0.351724
7.11558 0.137815 0.330639
7.17085 0.136793 0.28557
7.22613 0.135786 0.211189
7.28141 0.134794 0.102432
7.33668 0.133815 -0.0449892
7.39196 0.132851 -0.233885
7.44724 0.1319 -0.464676
7.50251 0.130962 -0.734203
7.55779 0.130037 -1.03422
7.61307 0.129125 -1.34951
7.66834 0.128226 -1.65553
7.72362 0.127338 -1.91553
7.77889 0.126463 -2.07707
7.83417 0.125599 -2.06774
7.88945 0.124747 -1.79006
7.94472 0.123907 -1.11545
8 0.123077 0.123077
