0 0
1 0.000501002
2 0.001002
3 0.00150301
4 0.00200401
5 0.00250501
6 0.00300601
7 0.00350701
8 0.00400802
9 0.00450902
10 0.00501002
11 0.00551102
12 0.00601202
13 0.00651303
14 0.00701403
15 0.00751503
16 0.00801603
17 0.00851703
18 0.00901804
19 0.00951904
20 0.01002
21 0.010521
22 0.011022
23 0.011523
24 0.012024
25 0.0125251
26 0.0130261
27 0.0135271
28 0.0140281
29 0.0145291
30 0.0150301
31 0.0155311
32 0.0160321
33 0.0165331
34 0.0170341
35 0.0175351
36 0.0180361
37 0.0185371
38 0.0190381
39 0.0195391
40 0.0200401
41 0.0205411
42 0.0210421
43 0.0215431
44 0.0220441
45 0.0225451
46 0.0230461
47 0.0235471
48 0.0240481
49 0.0245491
50 0.0250501
51 0.0255511
52 0.0260521
53 0.0265531
54 0.0270541
55 0.0275551
56 0.0280561
57 0.0285571
58 0.0290581
59 0.0295591
60 0.0300601
61 0.0305611
62 0.0310621
63 0.0315631
64 0.0320641
65 0.0325651
66 0.0330661
67 0.0335671
68 0.0340681
69 0.0345691
70 0.0350701
71 0.0355711
72 0.0360721
73 0.0365731
74 0.0370741
75 0.0375752
76 0.0380762
77 0.0385772
78 0.0390782
79 0.0395792
80 0.0400802
81 0.0405812
82 0.0410822
83 0.0415832
84 0.0420842
85 0.0425852
86 0.0430862
87 0.0435872
88 0.0440882
89 0.0445892
90 0.0450902
91 0.0455912
92 0.0460922
93 0.0465932
94 0.0470942
95 0.0475952
96 0.0480962
97 0.0485972
98 0.0490982
99 0.0495992
100 0.0501002
101 0.0506012
102 0.0511022
103 0.0516032
104 0.0521042
105 0.0526052
106 0.0531062
107 0.0536072
108 0.0541082
109 0.0546092
110 0.0551102
111 0.0556112
112 0.0561122
113 0.0566132
114 0.0571142
115 0.0576152
116 0.0581162
117 0.0586172
118 0.0591182
119 0.0596192
120 0.0601202
121 0.0606212
122 0.0611222
123 0.0616232
124 0.0621242
125 0.0626253
126 0.0631263
127 0.0636273
128 0.0641283
129 0.0646293
130 0.0651303
131 0.0656313
132 0.0661323
133 0.0666333
134 0.0671343
135 0.0676353
136 0.0681363
137 0.0686373
138 0.0691383
139 0.0696393
140 0.0701403
141 0.0706413
142 0.0711423
143 0.0716433
144 0.0721443
145 0.0726453
146 0.0731463
147 0.0736473
148 0.0741483
149 0.0746493
150 0.0751503
151 0.0756513
152 0.0761523
153 0.0766533
154 0.0771543
155 0.0776553
156 0.0781563
157 0.0786573
158 0.0791583
159 0.0796593
160 0.0801603
161 0.0806613
162 0.0811623
163 0.0816633
164 0.0821643
165 0.0826653
166 0.0831663
167 0.0836673
168 0.0841683
169 0.0846693
170 0.0851703
171 0.0856713
172 0.0861723
173 0.0866733
174 0.0871743
175 0.0876754
176 0.0881764
177 0.0886774
178 0.0891784
179 0.0896794
180 0.0901804
181 0.0906814
182 0.0911824
183 0.0916834
184 0.0921844
185 0.0926854
186 0.0931864
187 0.0936874
188 0.0941638
189 0.0945764
190 0.0949248
191 0.095209
192 0.0954288
193 0.0955845
194 0.0956758
195 0.0957029
196 0.0956658
197 0.0955644
198 0.0953987
199 0.0951688
200 0.0948746
201 0.0945162
202 0.0940935
203 0.0936066
204 0.0930553
205 0.0924399
206 0.0917602
207 0.0910162
208 0.090208
209 0.0893355
210 0.0883987
211 0.0873977
212 0.0863325
213 0.085203
214 0.0840092
215 0.0827512
216 0.0814289
217 0.0800423
218 0.0785916
219 0.0770765
220 0.0754972
221 0.0738536
222 0.0721458
223 0.0703737
224 0.0685374
225 0.0666368
226 0.0646719
227 0.0626428
228 0.0605495
229 0.0583918
230 0.05617
231 0.0538838
232 0.0515334
233 0.0491188
234 0.0466399
235 0.0440967
236 0.0414893
237 0.0388176
238 0.0360817
239 0.0332815
240 0.030417
241 0.0274883
242 0.0244954
243 0.0214382
244 0.0183167
245 0.015131
246 0.011881
247 0.00856673
248 0.00518823
249 0.00174547
250 -0.00174547
251 -0.00518823
252 -0.00856673
253 -0.011881
254 -0.015131
255 -0.0183167
256 -0.0214382
257 -0.0244954
258 -0.0274883
259 -0.030417
260 -0.0332815
261 -0.0360817
262 -0.0388176
263 -0.0414893
264 -0.0440967
265 -0.0466399
266 -0.0491188
267 -0.0515334
268 -0.0538838
269 -0.05617
270 -0.0583918
271 -0.0605495
272 -0.0626428
273 -0.0646719
274 -0.0666368
275 -0.0685374
276 -0.0703737
277 -0.0721458
278 -0.0738536
279 -0.0754972
280 -0.0770765
281 -0.0785916
282 -0.0800423
283 -0.0814289
284 -0.0827512
285 -0.0840092
286 -0.085203
287 -0.0863325
288 -0.0873977
289 -0.0883987
290 -0.0893355
291 -0.090208
292 -0.0910162
293 -0.0917602
294 -0.0924399
295 -0.0930553
296 -0.0936066
297 -0.0940935
298 -0.0945162
299 -0.0948746
300 -0.0951688
301 -0.0953987
302 -0.0955644
303 -0.0956658
304 -0.0957029
305 -0.0956758
306 -0.0955845
307 -0.0954288
308 -0.095209
309 -0.0949248
310 -0.0945764
311 -0.0941638
312 -0.0936874
313 -0.0931864
314 -0.0926854
315 -0.0921844
316 -0.0916834
317 -0.0911824
318 -0.0906814
319 -0.0901804
320 -0.0896794
321 -0.0891784
322 -0.0886774
323 -0.0881764
324 -0.0876754
325 -0.0871743
326 -0.0866733
327 -0.0861723
328 -0.0856713
329 -0.0851703
330 -0.0846693
331 -0.0841683
332 -0.0836673
333 -0.0831663
334 -0.0826653
335 -0.0821643
336 -0.0816633
337 -0.0811623
338 -0.0806613
339 -0.0801603
340 -0.0796593
341 -0.0791583
342 -0.0786573
343 -0.0781563
344 -0.0776553
345 -0.0771543
346 -0.0766533
347 -0.0761523
348 -0.0756513
349 -0.0751503
350 -0.0746493
351 -0.0741483
352 -0.0736473
353 -0.0731463
354 -0.0726453
355 -0.0721443
356 -0.0716433
357 -0.0711423
358 -0.0706413
359 -0.0701403
360 -0.0696393
361 -0.0691383
362 -0.0686373
363 -0.0681363
364 -0.0676353
365 -0.0671343
366 -0.0666333
367 -0.0661323
368 -0.0656313
369 -0.0651303
370 -0.0646293
371 -0.0641283
372 -0.0636273
373 -0.0631263
374 -0.0626253
375 -0.0621242
376 -0.0616232
377 -0.0611222
378 -0.0606212
379 -0.0601202
380 -0.0596192
381 -0.0591182
382 -0.0586172
383 -0.0581162
384 -0.0576152
385 -0.0571142
386 -0.0566132
387 -0.0561122
388 -0.0556112
389 -0.0551102
390 -0.0546092
391 -0.0541082
392 -0.0536072
393 -0.0531062
394 -0.0526052
395 -0.0521042
396 -0.0516032
397 -0.0511022
398 -0.0506012
399 -0.0501002
400 -0.0495992
401 -0.0490982
402 -0.0485972
403 -0.0480962
404 -0.0475952
405 -0.0470942
406 -0.0465932
407 -0.0460922
408 -0.0455912
409 -0.0450902
410 -0.0445892
411 -0.0440882
412 -0.0435872
413 -0.0430862
414 -0.0425852
415 -0.0420842
416 -0.0415832
417 -0.0410822
418 -0.0405812
419 -0.0400802
420 -0.0395792
421 -0.0390782
422 -0.0385772
423 -0.0380762
424 -0.0375752
425 -0.0370741
426 -0.0365731
427 -0.0360721
428 -0.0355711
429 -0.0350701
430 -0.0345691
431 -0.0340681
432 -0.0335671
433 -0.0330661
434 -0.0325651
435 -0.0320641
436 -0.0315631
437 -0.0310621
438 -0.0305611
439 -0.0300601
440 -0.0295591
441 -0.0290581
442 -0.0285571
443 -0.0280561
444 -0.0275551
445 -0.0270541
446 -0.0265531
447 -0.0260521
448 -0.0255511
449 -0.0250501
450 -0.0245491
451 -0.0240481
452 -0.0235471
453 -0.0230461
454 -0.0225451
455 -0.0220441
456 -0.0215431
457 -0.0210421
458 -0.0205411
459 -0.0200401
460 -0.0195391
461 -0.0190381
462 -0.0185371
463 -0.0180361
464 -0.0175351
465 -0.0170341
466 -0.0165331
467 -0.0160321
468 -0.0155311
469 -0.0150301
470 -0.0145291
471 -0.0140281
472 -0.0135271
473 -0.0130261
474 -0.0125251
475 -0.012024
476 -0.011523
477 -0.011022
478 -0.010521
479 -0.01002
480 -0.00951904
481 -0.00901804
482 -0.00851703
483 -0.00801603
484 -0.00751503
485 -0.00701403
486 -0.00651303
487 -0.00601202
488 -0.00551102
489 -0.00501002
490 -0.00450902
491 -0.00400802
492 -0.00350701
493 -0.00300601
494 -0.00250501
495 -0.00200401
496 -0.00150301
497 -0.001002
498 -0.000501002
499 -2.77556e-17
