Eigenvalue 1
0.001559
0.003118
0.004676
0.006232
0.007788
0.009341
0.010892
0.012440
0.013986
0.015527
0.017066
0.018600
0.020129
0.021653
0.023173
0.024686
0.026194
0.027695
0.029189
0.030676
0.032156
0.033628
0.035092
0.036547
0.037993
0.039430
0.040857
0.042274
0.043681
0.045077
0.046463
0.047837
0.049199
0.050549
0.051887
0.053212
0.054524
0.055823
0.057108
0.058380
0.059637
0.060879
0.062107
0.063319
0.064516
0.065697
0.066862
0.068011
0.069143
0.070258
0.071357
0.072437
0.073500
0.074545
0.075572
0.076580
0.077570
0.078541
0.079492
0.080424
0.081337
0.082229
0.083102
0.083954
0.084786
0.085597
0.086387
0.087156
0.087903
0.088630
0.089334
0.090017
0.090678
0.091316
0.091933
0.092526
0.093098
0.093646
0.094172
0.094674
0.095154
0.095610
0.096043
0.096452
0.096838
0.097200
0.097539
0.097853
0.098144
0.098411
0.098653
0.098872
0.099066
0.099237
0.099383
0.099504
0.099602
0.099675
0.099724
0.099748
0.099748
0.099724
0.099675
0.099602
0.099504
0.099383
0.099237
0.099066
0.098872
0.098653
0.098411
0.098144
0.097853
0.097539
0.097200
0.096838
0.096452
0.096043
0.095610
0.095154
0.094674
0.094172
0.093646
0.093098
0.092526
0.091933
0.091316
0.090678
0.090017
0.089334
0.088630
0.087903
0.087156
0.086387
0.085597
0.084786
0.083954
0.083102
0.082229
0.081337
0.080424
0.079492
0.078541
0.077570
0.076580
0.075572
0.074545
0.073500
0.072437
0.071357
0.070258
0.069143
0.068011
0.066862
0.065697
0.064516
0.063319
0.062107
0.060879
0.059637
0.058380
0.057108
0.055823
0.054524
0.053212
0.051887
0.050549
0.049199
0.047837
0.046463
0.045077
0.043681
0.042274
0.040857
0.039430
0.037993
0.036547
0.035092
0.033628
0.032156
0.030676
0.029189
0.027695
0.026194
0.024686
0.023173
0.021653
0.020129
0.018600
0.017066
0.015527
0.013986
0.012440
0.010892
0.009341
0.007788
0.006232
0.004676
0.003118
0.001559
Eigenvalue 2
0.003118
0.006232
0.009341
0.012440
0.015527
0.018600
0.021653
0.024686
0.027695
0.030676
0.033628
0.036547
0.039430
0.042274
0.045077
0.047837
0.050549
0.053212
0.055823
0.058380
0.060879
0.063319
0.065697
0.068011
0.070258
0.072437
0.074545
0.076580
0.078541
0.080424
0.082229
0.083954
0.085597
0.087156
0.088630
0.090017
0.091316
0.092526
0.093646
0.094674
0.095610
0.096452
0.097200
0.097853
0.098411
0.098872
0.099237
0.099504
0.099675
0.099748
0.099724
0.099602
0.099383
0.099066
0.098653
0.098144
0.097539
0.096838
0.096043
0.095154
0.094172
0.093098
0.091933
0.090678
0.089334
0.087903
0.086387
0.084786
0.083102
0.081337
0.079492
0.077570
0.075572
0.073500
0.071357
0.069143
0.066862
0.064516
0.062107
0.059637
0.057108
0.054524
0.051887
0.049199
0.046463
0.043681
0.040857
0.037993
0.035092
0.032156
0.029189
0.026194
0.023173
0.020129
0.017066
0.013986
0.010892
0.007788
0.004676
0.001559
-0.001559
-0.004676
-0.007788
-0.010892
-0.013986
-0.017066
-0.020129
-0.023173
-0.026194
-0.029189
-0.032156
-0.035092
-0.037993
-0.040857
-0.043681
-0.046463
-0.049199
-0.051887
-0.054524
-0.057108
-0.059637
-0.062107
-0.064516
-0.066862
-0.069143
-0.071357
-0.073500
-0.075572
-0.077570
-0.079492
-0.081337
-0.083102
-0.084786
-0.086387
-0.087903
-0.089334
-0.090678
-0.091933
-0.093098
-0.094172
-0.095154
-0.096043
-0.096838
-0.097539
-0.098144
-0.098653
-0.099066
-0.099383
-0.099602
-0.099724
-0.099748
-0.099675
-0.099504
-0.099237
-0.098872
-0.098411
-0.097853
-0.097200
-0.096452
-0.095610
-0.094674
-0.093646
-0.092526
-0.091316
-0.090017
-0.088630
-0.087156
-0.085597
-0.083954
-0.082229
-0.080424
-0.078541
-0.076580
-0.074545
-0.072437
-0.070258
-0.068011
-0.065697
-0.063319
-0.060879
-0.058380
-0.055823
-0.053212
-0.050549
-0.047837
-0.045077
-0.042274
-0.039430
-0.036547
-0.033628
-0.030676
-0.027695
-0.024686
-0.021653
-0.018600
-0.015527
-0.012440
-0.009341
-0.006232
-0.003118
Eigenvalue 3
0.004676
0.009341
0.013986
0.018600
0.023173
0.027695
0.032156
0.036547
0.040857
0.045077
0.049199
0.053212
0.057108
0.060879
0.064516
0.068011
0.071357
0.074545
0.077570
0.080424
0.083102
0.085597
0.087903
0.090017
0.091933
0.093646
0.095154
0.096452
0.097539
0.098411
0.099066
0.099504
0.099724
0.099724
0.099504
0.099066
0.098411
0.097539
0.096452
0.095154
0.093646
0.091933
0.090017
0.087903
0.085597
0.083102
0.080424
0.077570
0.074545
0.071357
0.068011
0.064516
0.060879
0.057108
0.053212
0.049199
0.045077
0.040857
0.036547
0.032156
0.027695
0.023173
0.018600
0.013986
0.009341
0.004676
-0.000000
-0.004676
-0.009341
-0.013986
-0.018600
-0.023173
-0.027695
-0.032156
-0.036547
-0.040857
-0.045077
-0.049199
-0.053212
-0.057108
-0.060879
-0.064516
-0.068011
-0.071357
-0.074545
-0.077570
-0.080424
-0.083102
-0.085597
-0.087903
-0.090017
-0.091933
-0.093646
-0.095154
-0.096452
-0.097539
-0.098411
-0.099066
-0.099504
-0.099724
-0.099724
-0.099504
-0.099066
-0.098411
-0.097539
-0.096452
-0.095154
-0.093646
-0.091933
-0.090017
-0.087903
-0.085597
-0.083102
-0.080424
-0.077570
-0.074545
-0.071357
-0.068011
-0.064516
-0.060879
-0.057108
-0.053212
-0.049199
-0.045077
-0.040857
-0.036547
-0.032156
-0.027695
-0.023173
-0.018600
-0.013986
-0.009341
-0.004676
0.000000
0.004676
0.009341
0.013986
0.018600
0.023173
0.027695
0.032156
0.036547
0.040857
0.045077
0.049199
0.053212
0.057108
0.060879
0.064516
0.068011
0.071357
0.074545
0.077570
0.080424
0.083102
0.085597
0.087903
0.090017
0.091933
0.093646
0.095154
0.096452
0.097539
0.098411
0.099066
0.099504
0.099724
0.099724
0.099504
0.099066
0.098411
0.097539
0.096452
0.095154
0.093646
0.091933
0.090017
0.087903
0.085597
0.083102
0.080424
0.077570
0.074545
0.071357
0.068011
0.064516
0.060879
0.057108
0.053212
0.049199
0.045077
0.040857
0.036547
0.032156
0.027695
0.023173
0.018600
0.013986
0.009341
0.004676
Eigenvalue 4
-0.006232
-0.012440
-0.018600
-0.024686
-0.030676
-0.036547
-0.042274
-0.047837
-0.053212
-0.058380
-0.063319
-0.068011
-0.072437
-0.076580
-0.080424
-0.083954
-0.087156
-0.090017
-0.092526
-0.094674
-0.096452
-0.097853
-0.098872
-0.099504
-0.099748
-0.099602
-0.099066
-0.098144
-0.096838
-0.095154
-0.093098
-0.090678
-0.087903
-0.084786
-0.081337
-0.077570
-0.073500
-0.069143
-0.064516
-0.059637
-0.054524
-0.049199
-0.043681
-0.037993
-0.032156
-0.026194
-0.020129
-0.013986
-0.007788
-0.001559
0.004676
0.010892
0.017066
0.023173
0.029189
0.035092
0.040857
0.046463
0.051887
0.057108
0.062107
0.066862
0.071357
0.075572
0.079492
0.083102
0.086387
0.089334
0.091933
0.094172
0.096043
0.097539
0.098653
0.099383
0.099724
0.099675
0.099237
0.098411
0.097200
0.095610
0.093646
0.091316
0.088630
0.085597
0.082229
0.078541
0.074545
0.070258
0.065697
0.060879
0.055823
0.050549
0.045077
0.039430
0.033628
0.027695
0.021653
0.015527
0.009341
0.003118
-0.003118
-0.009341
-0.015527
-0.021653
-0.027695
-0.033628
-0.039430
-0.045077
-0.050549
-0.055823
-0.060879
-0.065697
-0.070258
-0.074545
-0.078541
-0.082229
-0.085597
-0.088630
-0.091316
-0.093646
-0.095610
-0.097200
-0.098411
-0.099237
-0.099675
-0.099724
-0.099383
-0.098653
-0.097539
-0.096043
-0.094172
-0.091933
-0.089334
-0.086387
-0.083102
-0.079492
-0.075572
-0.071357
-0.066862
-0.062107
-0.057108
-0.051887
-0.046463
-0.040857
-0.035092
-0.029189
-0.023173
-0.017066
-0.010892
-0.004676
0.001559
0.007788
0.013986
0.020129
0.026194
0.032156
0.037993
0.043681
0.049199
0.054524
0.059637
0.064516
0.069143
0.073500
0.077570
0.081337
0.084786
0.087903
0.090678
0.093098
0.095154
0.096838
0.098144
0.099066
0.099602
0.099748
0.099504
0.098872
0.097853
0.096452
0.094674
0.092526
0.090017
0.087156
0.083954
0.080424
0.076580
0.072437
0.068011
0.063319
0.058380
0.053212
0.047837
0.042274
0.036547
0.030676
0.024686
0.018600
0.012440
0.006232
Eigenvalue 5
0.007788
0.015527
0.023173
0.030676
0.037993
0.045077
0.051887
0.058380
0.064516
0.070258
0.075572
0.080424
0.084786
0.088630
0.091933
0.094674
0.096838
0.098411
0.099383
0.099748
0.099504
0.098653
0.097200
0.095154
0.092526
0.089334
0.085597
0.081337
0.076580
0.071357
0.065697
0.059637
0.053212
0.046463
0.039430
0.032156
0.024686
0.017066
0.009341
0.001559
-0.006232
-0.013986
-0.021653
-0.029189
-0.036547
-0.043681
-0.050549
-0.057108
-0.063319
-0.069143
-0.074545
-0.079492
-0.083954
-0.087903
-0.091316
-0.094172
-0.096452
-0.098144
-0.099237
-0.099724
-0.099602
-0.098872
-0.097539
-0.095610
-0.093098
-0.090017
-0.086387
-0.082229
-0.077570
-0.072437
-0.066862
-0.060879
-0.054524
-0.047837
-0.040857
-0.033628
-0.026194
-0.018600
-0.010892
-0.003118
0.004676
0.012440
0.020129
0.027695
0.035092
0.042274
0.049199
0.055823
0.062107
0.068011
0.073500
0.078541
0.083102
0.087156
0.090678
0.093646
0.096043
0.097853
0.099066
0.099675
0.099675
0.099066
0.097853
0.096043
0.093646
0.090678
0.087156
0.083102
0.078541
0.073500
0.068011
0.062107
0.055823
0.049199
0.042274
0.035092
0.027695
0.020129
0.012440
0.004676
-0.003118
-0.010892
-0.018600
-0.026194
-0.033628
-0.040857
-0.047837
-0.054524
-0.060879
-0.066862
-0.072437
-0.077570
-0.082229
-0.086387
-0.090017
-0.093098
-0.095610
-0.097539
-0.098872
-0.099602
-0.099724
-0.099237
-0.098144
-0.096452
-0.094172
-0.091316
-0.087903
-0.083954
-0.079492
-0.074545
-0.069143
-0.063319
-0.057108
-0.050549
-0.043681
-0.036547
-0.029189
-0.021653
-0.013986
-0.006232
0.001559
0.009341
0.017066
0.024686
0.032156
0.039430
0.046463
0.053212
0.059637
0.065697
0.071357
0.076580
0.081337
0.085597
0.089334
0.092526
0.095154
0.097200
0.098653
0.099504
0.099748
0.099383
0.098411
0.096838
0.094674
0.091933
0.088630
0.084786
0.080424
0.075572
0.070258
0.064516
0.058380
0.051887
0.045077
0.037993
0.030676
0.023173
0.015527
0.007788
Eigenvalue 6
0.009341
0.018600
0.027695
0.036547
0.045077
0.053212
0.060879
0.068011
0.074545
0.080424
0.085597
0.090017
0.093646
0.096452
0.098411
0.099504
0.099724
0.099066
0.097539
0.095154
0.091933
0.087903
0.083102
0.077570
0.071357
0.064516
0.057108
0.049199
0.040857
0.032156
0.023173
0.013986
0.004676
-0.004676
-0.013986
-0.023173
-0.032156
-0.040857
-0.049199
-0.057108
-0.064516
-0.071357
-0.077570
-0.083102
-0.087903
-0.091933
-0.095154
-0.097539
-0.099066
-0.099724
-0.099504
-0.098411
-0.096452
-0.093646
-0.090017
-0.085597
-0.080424
-0.074545
-0.068011
-0.060879
-0.053212
-0.045077
-0.036547
-0.027695
-0.018600
-0.009341
0.000000
0.009341
0.018600
0.027695
0.036547
0.045077
0.053212
0.060879
0.068011
0.074545
0.080424
0.085597
0.090017
0.093646
0.096452
0.098411
0.099504
0.099724
0.099066
0.097539
0.095154
0.091933
0.087903
0.083102
0.077570
0.071357
0.064516
0.057108
0.049199
0.040857
0.032156
0.023173
0.013986
0.004676
-0.004676
-0.013986
-0.023173
-0.032156
-0.040857
-0.049199
-0.057108
-0.064516
-0.071357
-0.077570
-0.083102
-0.087903
-0.091933
-0.095154
-0.097539
-0.099066
-0.099724
-0.099504
-0.098411
-0.096452
-0.093646
-0.090017
-0.085597
-0.080424
-0.074545
-0.068011
-0.060879
-0.053212
-0.045077
-0.036547
-0.027695
-0.018600
-0.009341
0.000000
0.009341
0.018600
0.027695
0.036547
0.045077
0.053212
0.060879
0.068011
0.074545
0.080424
0.085597
0.090017
0.093646
0.096452
0.098411
0.099504
0.099724
0.099066
0.097539
0.095154
0.091933
0.087903
0.083102
0.077570
0.071357
0.064516
0.057108
0.049199
0.040857
0.032156
0.023173
0.013986
0.004676
-0.004676
-0.013986
-0.023173
-0.032156
-0.040857
-0.049199
-0.057108
-0.064516
-0.071357
-0.077570
-0.083102
-0.087903
-0.091933
-0.095154
-0.097539
-0.099066
-0.099724
-0.099504
-0.098411
-0.096452
-0.093646
-0.090017
-0.085597
-0.080424
-0.074545
-0.068011
-0.060879
-0.053212
-0.045077
-0.036547
-0.027695
-0.018600
-0.009341
