0 1
0.02 1
0.04 0.999603
0.06 0.998813
0.08 0.997632
0.1 0.996065
0.12 0.994116
0.14 0.991787
0.16 0.989083
0.18 0.986008
0.2 0.982566
0.22 0.978762
0.24 0.974599
0.26 0.970083
0.28 0.965218
0.3 0.960008
0.32 0.954459
0.34 0.948574
0.36 0.942361
0.38 0.935822
0.4 0.928964
0.42 0.921792
0.44 0.914311
0.46 0.906527
0.48 0.898444
0.5 0.890069
0.52 0.881408
0.54 0.872465
0.56 0.863247
0.58 0.85376
0.6 0.84401
0.62 0.834001
0.64 0.823742
0.66 0.813236
0.68 0.802492
0.7 0.791514
0.72 0.780309
0.74 0.768884
0.76 0.757244
0.78 0.745396
0.8 0.733346
0.82 0.721101
0.84 0.708667
0.86 0.696051
0.88 0.683258
0.9 0.670296
0.92 0.65717
0.94 0.643888
0.96 0.630456
0.98 0.616881
1 0.603168
1.02 0.589325
1.04 0.575357
1.06 0.561273
1.08 0.547077
1.1 0.532777
1.12 0.518379
1.14 0.503889
1.16 0.489315
1.18 0.474662
1.2 0.459937
1.22 0.445146
1.24 0.430297
1.26 0.415394
1.28 0.400444
1.3 0.385455
1.32 0.370431
1.34 0.35538
1.36 0.340307
1.38 0.325219
1.4 0.310121
1.42 0.29502
1.44 0.279922
1.46 0.264832
1.48 0.249758
1.5 0.234704
1.52 0.219676
1.54 0.20468
1.56 0.189722
1.58 0.174808
1.6 0.159942
1.62 0.145131
1.64 0.13038
1.66 0.115694
1.68 0.101079
1.7 0.08654
1.72 0.0720818
1.74 0.0577098
1.76 0.043429
1.78 0.0292442
1.8 0.0151605
1.82 0.00118248
1.84 -0.0126851
1.86 -0.0264375
1.88 -0.0400703
1.9 -0.053579
1.92 -0.0669592
1.94 -0.0802067
1.96 -0.0933172
1.98 -0.106287
2 -0.119111
2.02 -0.131786
2.04 -0.144309
2.06 -0.156674
2.08 -0.16888
2.1 -0.180921
2.12 -0.192795
2.14 -0.204499
2.16 -0.216028
2.18 -0.22738
2.2 -0.238552
2.22 -0.249541
2.24 -0.260343
2.26 -0.270956
2.28 -0.281378
2.3 -0.291605
2.32 -0.301635
2.34 -0.311466
2.36 -0.321095
2.38 -0.330521
2.4 -0.33974
2.42 -0.348752
2.44 -0.357553
2.46 -0.366143
2.48 -0.374519
2.5 -0.382681
2.52 -0.390625
2.54 -0.398352
2.56 -0.405859
2.58 -0.413146
2.6 -0.42021
2.62 -0.427052
2.64 -0.433671
2.66 -0.440064
2.68 -0.446232
2.7 -0.452175
2.72 -0.45789
2.74 -0.463379
2.76 -0.46864
2.78 -0.473673
2.8 -0.478478
2.82 -0.483056
2.84 -0.487405
2.86 -0.491527
2.88 -0.495421
2.9 -0.499087
2.92 -0.502526
2.94 -0.505738
2.96 -0.508724
2.98 -0.511485
3 -0.514021
3.02 -0.516332
3.04 -0.518421
3.06 -0.520287
3.08 -0.521932
3.1 -0.523356
3.12 -0.524562
3.14 -0.52555
3.16 -0.526321
3.18 -0.526878
3.2 -0.527221
3.22 -0.527352
3.24 -0.527273
3.26 -0.526985
3.28 -0.52649
3.3 -0.525791
3.32 -0.524888
3.34 -0.523784
3.36 -0.522481
3.38 -0.520981
3.4 -0.519287
3.42 -0.517399
3.44 -0.515321
3.46 -0.513056
3.48 -0.510604
3.5 -0.50797
3.52 -0.505155
3.54 -0.502161
3.56 -0.498993
3.58 -0.495651
3.6 -0.492139
3.62 -0.48846
3.64 -0.484616
3.66 -0.48061
3.68 -0.476446
3.7 -0.472125
3.72 -0.467651
3.74 -0.463028
3.76 -0.458257
3.78 -0.453342
3.8 -0.448286
3.82 -0.443093
3.84 -0.437765
3.86 -0.432305
3.88 -0.426718
3.9 -0.421005
3.92 -0.415171
3.94 -0.409218
3.96 -0.40315
3.98 -0.39697
4 -0.390682
4.02 -0.384288
4.04 -0.377793
4.06 -0.371199
4.08 -0.364511
4.1 -0.357731
4.12 -0.350863
4.14 -0.34391
4.16 -0.336875
4.18 -0.329763
4.2 -0.322577
4.22 -0.315319
4.24 -0.307994
4.26 -0.300605
4.28 -0.293155
4.3 -0.285648
4.32 -0.278088
4.34 -0.270477
4.36 -0.262819
4.38 -0.255117
4.4 -0.247376
4.42 -0.239597
4.44 -0.231786
4.46 -0.223944
4.48 -0.216076
4.5 -0.208184
4.52 -0.200272
4.54 -0.192344
4.56 -0.184402
4.58 -0.176451
4.6 -0.168492
4.62 -0.160529
4.64 -0.152566
4.66 -0.144606
4.68 -0.136652
4.7 -0.128706
4.72 -0.120773
4.74 -0.112854
4.76 -0.104954
4.78 -0.0970741
4.8 -0.0892186
4.82 -0.0813902
4.84 -0.0735915
4.86 -0.0658256
4.88 -0.0580951
4.9 -0.050403
4.92 -0.0427519
4.94 -0.0351445
4.96 -0.0275836
4.98 -0.0200717
5 -0.0126115
5.02 -0.00520555
5.04 0.00214373
5.06 0.00943383
5.08 0.0166623
5.1 0.0238269
5.12 0.0309251
5.14 0.0379547
5.16 0.0449134
5.18 0.0517991
5.2 0.0586096
5.22 0.0653428
5.24 0.0719966
5.26 0.078569
5.28 0.0850581
5.3 0.091462
5.32 0.0977787
5.34 0.104006
5.36 0.110144
5.38 0.116188
5.4 0.122139
5.42 0.127994
5.44 0.133751
5.46 0.13941
5.48 0.144969
5.5 0.150426
5.52 0.15578
5.54 0.16103
5.56 0.166174
5.58 0.171211
5.6 0.17614
5.62 0.180961
5.64 0.185671
5.66 0.190271
5.68 0.194758
5.7 0.199132
5.72 0.203393
5.74 0.207539
5.76 0.21157
5.78 0.215485
5.8 0.219283
5.82 0.222964
5.84 0.226528
5.86 0.229973
5.88 0.2333
5.9 0.236507
5.92 0.239596
5.94 0.242565
5.96 0.245414
5.98 0.248143
6 0.250751
6.02 0.25324
6.04 0.255608
6.06 0.257857
6.08 0.259985
6.1 0.261993
6.12 0.263881
6.14 0.265649
6.16 0.267298
6.18 0.268828
6.2 0.270239
6.22 0.271531
6.24 0.272706
6.26 0.273763
6.28 0.274702
6.3 0.275526
6.32 0.276234
6.34 0.276826
6.36 0.277304
6.38 0.277668
6.4 0.277919
6.42 0.278057
6.44 0.278084
6.46 0.278001
6.48 0.277808
6.5 0.277506
6.52 0.277097
6.54 0.276581
6.56 0.275959
6.58 0.275232
6.6 0.274402
6.62 0.27347
6.64 0.272437
6.66 0.271304
6.68 0.270072
6.7 0.268743
6.72 0.267317
6.74 0.265797
6.76 0.264184
6.78 0.262478
6.8 0.260682
6.82 0.258796
6.84 0.256823
6.86 0.254764
6.88 0.25262
6.9 0.250392
6.92 0.248083
6.94 0.245694
6.96 0.243227
6.98 0.240682
7 0.238062
7.02 0.235368
7.04 0.232603
7.06 0.229767
7.08 0.226862
7.1 0.22389
7.12 0.220854
7.14 0.217753
7.16 0.214591
7.18 0.211369
7.2 0.208088
7.22 0.204751
7.24 0.201359
7.26 0.197914
7.28 0.194418
7.3 0.190873
7.32 0.18728
7.34 0.183641
7.36 0.179958
7.38 0.176233
7.4 0.172467
7.42 0.168663
7.44 0.164823
7.46 0.160947
7.48 0.157038
7.5 0.153098
7.52 0.149129
7.54 0.145131
7.56 0.141108
7.58 0.137061
7.6 0.132992
7.62 0.128902
7.64 0.124793
7.66 0.120668
7.68 0.116527
7.7 0.112373
7.72 0.108207
7.74 0.104032
7.76 0.0998483
7.78 0.0956582
7.8 0.0914634
7.82 0.0872656
7.84 0.0830665
7.86 0.0788678
7.88 0.074671
7.9 0.070478
7.92 0.0662903
7.94 0.0621095
7.96 0.0579372
7.98 0.0537751
8 0.0496246
8.02 0.0454874
8.04 0.041365
8.06 0.0372589
8.08 0.0331706
8.1 0.0291016
8.12 0.0250533
8.14 0.0210272
8.16 0.0170247
8.18 0.0130473
8.2 0.00909617
8.22 0.00517283
8.24 0.00127858
8.26 -0.00258527
8.28 -0.00641742
8.3 -0.0102166
8.32 -0.0139816
8.34 -0.0177112
8.36 -0.0214041
8.38 -0.0250592
8.4 -0.0286754
8.42 -0.0322515
8.44 -0.0357864
8.46 -0.0392791
8.48 -0.0427285
8.5 -0.0461335
8.52 -0.0494932
8.54 -0.0528066
8.56 -0.0560727
8.58 -0.0592907
8.6 -0.0624596
8.62 -0.0655785
8.64 -0.0686467
8.66 -0.0716633
8.68 -0.0746275
8.7 -0.0775386
8.72 -0.0803958
8.74 -0.0831984
8.76 -0.0859458
8.78 -0.0886373
8.8 -0.0912722
8.82 -0.09385
8.84 -0.0963701
8.86 -0.0988319
8.88 -0.101235
8.9 -0.103579
8.92 -0.105863
8.94 -0.108087
8.96 -0.11025
8.98 -0.112353
9 -0.114394
9.02 -0.116374
9.04 -0.118292
9.06 -0.120147
9.08 -0.121941
9.1 -0.123671
9.12 -0.125339
9.14 -0.126944
9.16 -0.128485
9.18 -0.129964
9.2 -0.131379
9.22 -0.132731
9.24 -0.134019
9.26 -0.135244
9.28 -0.136406
9.3 -0.137504
9.32 -0.138539
9.34 -0.139511
9.36 -0.14042
9.38 -0.141265
9.4 -0.142048
9.42 -0.142769
9.44 -0.143427
9.46 -0.144023
9.48 -0.144557
9.5 -0.145029
9.52 -0.14544
9.54 -0.145791
9.56 -0.14608
9.58 -0.146309
9.6 -0.146479
9.62 -0.146589
9.64 -0.146639
9.66 -0.146632
9.68 -0.146566
9.7 -0.146442
9.72 -0.146262
9.74 -0.146025
9.76 -0.145731
9.78 -0.145382
9.8 -0.144979
9.82 -0.144521
9.84 -0.144009
9.86 -0.143444
9.88 -0.142827
9.9 -0.142158
9.92 -0.141437
9.94 -0.140667
9.96 -0.139847
9.98 -0.138977
10 -0.13806
10.02 -0.137095
10.04 -0.136083
10.06 -0.135025
10.08 -0.133922
10.1 -0.132775
10.12 -0.131584
10.14 -0.130351
10.16 -0.129075
10.18 -0.127758
10.2 -0.126401
10.22 -0.125005
10.24 -0.12357
10.26 -0.122098
10.28 -0.120588
10.3 -0.119043
10.32 -0.117463
10.34 -0.115849
10.36 -0.114202
10.38 -0.112522
10.4 -0.110811
10.42 -0.10907
10.44 -0.107299
10.46 -0.1055
10.48 -0.103673
10.5 -0.101819
10.52 -0.09994
10.54 -0.0980361
10.56 -0.0961083
10.58 -0.0941577
10.6 -0.0921853
10.62 -0.0901919
10.64 -0.0881785
10.66 -0.0861461
10.68 -0.0840957
10.7 -0.0820281
10.72 -0.0799444
10.74 -0.0778456
10.76 -0.0757325
10.78 -0.0736061
10.8 -0.0714674
10.82 -0.0693173
10.84 -0.0671567
10.86 -0.0649867
10.88 -0.0628081
10.9 -0.0606219
10.92 -0.0584289
10.94 -0.0562302
10.96 -0.0540266
10.98 -0.051819
11 -0.0496084
11.02 -0.0473957
11.04 -0.0451817
11.06 -0.0429674
11.08 -0.0407536
11.1 -0.0385412
11.12 -0.036331
11.14 -0.034124
11.16 -0.031921
11.18 -0.0297227
11.2 -0.0275302
11.22 -0.0253441
11.24 -0.0231652
11.26 -0.0209945
11.28 -0.0188327
11.3 -0.0166806
11.32 -0.0145389
11.34 -0.0124085
11.36 -0.01029
11.38 -0.0081843
11.4 -0.00609204
11.42 -0.00401397
11.44 -0.00195079
11.46 9.67808e-05
11.48 0.00212807
11.5 0.00414239
11.52 0.00613907
11.54 0.00811748
11.56 0.010077
11.58 0.0120169
11.6 0.0139367
11.62 0.0158357
11.64 0.0177133
11.66 0.019569
11.68 0.0214022
11.7 0.0232124
11.72 0.024999
11.74 0.0267615
11.76 0.0284994
11.78 0.0302122
11.8 0.0318994
11.82 0.0335606
11.84 0.0351952
11.86 0.036803
11.88 0.0383833
11.9 0.0399359
11.92 0.0414603
11.94 0.0429562
11.96 0.0444231
11.98 0.0458608
12 0.0472688
12.02 0.048647
12.04 0.0499949
12.06 0.0513122
12.08 0.0525988
12.1 0.0538542
12.12 0.0550783
12.14 0.0562709
12.16 0.0574316
12.18 0.0585604
12.2 0.0596569
12.22 0.0607211
12.24 0.0617527
12.26 0.0627517
12.28 0.0637178
12.3 0.0646509
12.32 0.065551
12.34 0.066418
12.36 0.0672517
12.38 0.0680521
12.4 0.0688191
12.42 0.0695528
12.44 0.070253
12.46 0.0709198
12.48 0.0715531
12.5 0.0721531
12.52 0.0727196
12.54 0.0732528
12.56 0.0737527
12.58 0.0742193
12.6 0.0746528
12.62 0.0750533
12.64 0.0754207
12.66 0.0757554
12.68 0.0760573
12.7 0.0763266
12.72 0.0765635
12.74 0.0767682
12.76 0.0769407
12.78 0.0770814
12.8 0.0771903
12.82 0.0772678
12.84 0.0773139
12.86 0.0773291
12.88 0.0773134
12.9 0.0772672
12.92 0.0771906
12.94 0.0770841
12.96 0.0769478
12.98 0.076782
13 0.0765871
13.02 0.0763634
13.04 0.0761111
13.06 0.0758307
13.08 0.0755223
13.1 0.0751865
13.12 0.0748234
13.14 0.0744336
13.16 0.0740173
13.18 0.0735749
13.2 0.0731069
13.22 0.0726136
13.24 0.0720953
13.26 0.0715526
13.28 0.0709858
13.3 0.0703953
13.32 0.0697816
13.34 0.069145
13.36 0.0684861
13.38 0.0678052
13.4 0.0671028
13.42 0.0663793
13.44 0.0656353
13.46 0.0648711
13.48 0.0640872
13.5 0.0632842
13.52 0.0624624
13.54 0.0616223
13.56 0.0607644
13.58 0.0598892
13.6 0.0589973
13.62 0.0580889
13.64 0.0571648
13.66 0.0562253
13.68 0.0552709
13.7 0.0543022
13.72 0.0533196
13.74 0.0523236
13.76 0.0513148
13.78 0.0502937
13.8 0.0492607
13.82 0.0482163
13.84 0.0471611
13.86 0.0460955
13.88 0.0450201
13.9 0.0439354
13.92 0.0428419
13.94 0.04174
13.96 0.0406304
13.98 0.0395134
14 0.0383895
14.02 0.0372594
14.04 0.0361235
14.06 0.0349822
14.08 0.0338361
14.1 0.0326857
14.12 0.0315314
14.14 0.0303738
14.16 0.0292134
14.18 0.0280505
14.2 0.0268857
14.22 0.0257196
14.24 0.0245524
14.26 0.0233848
14.28 0.0222172
14.3 0.02105
14.32 0.0198837
14.34 0.0187188
14.36 0.0175557
14.38 0.0163949
14.4 0.0152368
14.42 0.0140818
14.44 0.0129305
14.46 0.0117831
14.48 0.0106401
14.5 0.00950201
14.52 0.00836917
14.54 0.007242
14.56 0.0061209
14.58 0.00500626
14.6 0.00389849
14.62 0.00279796
14.64 0.00170506
14.66 0.000620154
14.68 -0.000456388
14.7 -0.0015242
14.72 -0.00258294
14.74 -0.00363225
14.76 -0.00467179
14.78 -0.00570123
14.8 -0.00672023
14.82 -0.00772848
14.84 -0.00872566
14.86 -0.00971147
14.88 -0.0106856
14.9 -0.0116477
14.92 -0.0125976
14.94 -0.013535
14.96 -0.0144596
14.98 -0.015371
15 -0.0162692
15.02 -0.0171537
15.04 -0.0180244
15.06 -0.0188811
15.08 -0.0197235
15.1 -0.0205513
15.12 -0.0213645
15.14 -0.0221627
15.16 -0.0229458
15.18 -0.0237135
15.2 -0.0244658
15.22 -0.0252023
15.24 -0.0259231
15.26 -0.0266278
15.28 -0.0273163
15.3 -0.0279886
15.32 -0.0286444
15.34 -0.0292836
15.36 -0.0299062
15.38 -0.0305119
15.4 -0.0311007
15.42 -0.0316726
15.44 -0.0322273
15.46 -0.0327648
15.48 -0.033285
15.5 -0.0337879
15.52 -0.0342734
15.54 -0.0347415
15.56 -0.035192
15.58 -0.035625
15.6 -0.0360405
15.62 -0.0364383
15.64 -0.0368185
15.66 -0.0371811
15.68 -0.0375261
15.7 -0.0378534
15.72 -0.0381631
15.74 -0.0384552
15.76 -0.0387298
15.78 -0.0389868
15.8 -0.0392262
15.82 -0.0394482
15.84 -0.0396528
15.86 -0.0398401
15.88 -0.04001
15.9 -0.0401627
15.92 -0.0402983
15.94 -0.0404168
15.96 -0.0405183
15.98 -0.0406029
16 -0.0406708
16.02 -0.0407219
16.04 -0.0407565
16.06 -0.0407747
16.08 -0.0407765
16.1 -0.0407621
16.12 -0.0407317
16.14 -0.0406854
16.16 -0.0406232
16.18 -0.0405455
16.2 -0.0404523
16.22 -0.0403437
16.24 -0.0402201
16.26 -0.0400814
16.28 -0.0399279
16.3 -0.0397598
16.32 -0.0395773
16.34 -0.0393805
16.36 -0.0391696
16.38 -0.0389449
16.4 -0.0387065
16.42 -0.0384546
16.44 -0.0381895
16.46 -0.0379113
16.48 -0.0376203
16.5 -0.0373167
16.52 -0.0370006
16.54 -0.0366724
16.56 -0.0363323
16.58 -0.0359804
16.6 -0.035617
16.62 -0.0352424
16.64 -0.0348568
16.66 -0.0344604
16.68 -0.0340535
16.7 -0.0336363
16.72 -0.033209
16.74 -0.032772
16.76 -0.0323254
16.78 -0.0318696
16.8 -0.0314047
16.82 -0.0309311
16.84 -0.0304489
16.86 -0.0299585
16.88 -0.0294601
16.9 -0.0289539
16.92 -0.0284403
16.94 -0.0279194
16.96 -0.0273917
16.98 -0.0268572
17 -0.0263163
17.02 -0.0257693
17.04 -0.0252164
17.06 -0.0246579
17.08 -0.024094
17.1 -0.023525
17.12 -0.0229512
17.14 -0.0223729
17.16 -0.0217902
17.18 -0.0212036
17.2 -0.0206132
17.22 -0.0200193
17.24 -0.0194221
17.26 -0.018822
17.28 -0.0182192
17.3 -0.017614
17.32 -0.0170065
17.34 -0.0163972
17.36 -0.0157861
17.38 -0.0151737
17.4 -0.0145601
17.42 -0.0139455
17.44 -0.0133304
17.46 -0.0127148
17.48 -0.012099
17.5 -0.0114834
17.52 -0.010868
17.54 -0.0102533
17.56 -0.00963932
17.58 -0.00902641
17.6 -0.00841479
17.62 -0.00780469
17.64 -0.00719632
17.66 -0.00658994
17.68 -0.00598574
17.7 -0.00538397
17.72 -0.00478484
17.74 -0.00418857
17.76 -0.00359536
17.78 -0.00300544
17.8 -0.002419
17.82 -0.00183626
17.84 -0.00125742
17.86 -0.00068267
17.88 -0.000112212
17.9 0.000453763
17.92 0.00101507
17.94 0.00157151
17.96 0.00212292
17.98 0.00266911
18 0.0032099
18.02 0.00374513
18.04 0.00427462
18.06 0.00479822
18.08 0.00531575
18.1 0.00582707
18.12 0.00633202
18.14 0.00683045
18.16 0.00732221
18.18 0.00780716
18.2 0.00828517
18.22 0.00875609
18.24 0.0092198
18.26 0.00967618
18.28 0.0101251
18.3 0.0105664
18.32 0.0110001
18.34 0.0114259
18.36 0.0118438
18.38 0.0122537
18.4 0.0126555
18.42 0.0130491
18.44 0.0134343
18.46 0.0138112
18.48 0.0141796
18.5 0.0145395
18.52 0.0148907
18.54 0.0152332
18.56 0.015567
18.58 0.015892
18.6 0.016208
18.62 0.0165151
18.64 0.0168133
18.66 0.0171024
18.68 0.0173824
18.7 0.0176533
18.72 0.017915
18.74 0.0181676
18.76 0.0184109
18.78 0.018645
18.8 0.0188698
18.82 0.0190854
18.84 0.0192917
18.86 0.0194887
18.88 0.0196764
18.9 0.0198548
18.92 0.0200239
18.94 0.0201837
18.96 0.0203342
18.98 0.0204755
19 0.0206075
19.02 0.0207303
19.04 0.0208439
19.06 0.0209484
19.08 0.0210436
19.1 0.0211298
19.12 0.0212069
19.14 0.021275
19.16 0.0213341
19.18 0.0213843
19.2 0.0214256
19.22 0.021458
19.24 0.0214817
19.26 0.0214967
19.28 0.021503
19.3 0.0215007
19.32 0.0214899
19.34 0.0214707
19.36 0.0214431
19.38 0.0214072
19.4 0.0213631
19.42 0.0213109
19.44 0.0212507
19.46 0.0211825
19.48 0.0211064
19.5 0.0210225
19.52 0.020931
19.54 0.0208319
19.56 0.0207253
19.58 0.0206113
19.6 0.0204901
19.62 0.0203617
19.64 0.0202262
19.66 0.0200838
19.68 0.0199345
19.7 0.0197786
19.72 0.019616
19.74 0.0194469
19.76 0.0192714
19.78 0.0190897
19.8 0.0189018
19.82 0.018708
19.84 0.0185082
19.86 0.0183027
19.88 0.0180916
19.9 0.0178749
19.92 0.0176529
19.94 0.0174256
19.96 0.0171933
19.98 0.0169559
