0.468019 0.315299 0.464987
-0.059878 0.356182 0.543211
-0.118501 0.401669 -0.88413
0.401048 -0.109062 0.299607
-0.345218 0.314902 -0.169484
0.419895 0.767697 0.294548
-0.610891 -0.609838 0.0796078
0.652904 0.613186 -0.17838
-0.0799831 -0.266342 -0.144645
0.654457 -0.337795 0.202776
0.0163735 -0.426123 0.724099
0.743816 -0.194161 0.213132
0.123081 -0.82341 0.0475365
0.236199 0.333091 0.435565
-0.641381 -0.605217 -0.344242
-0.872316 0.0901453 0.177134
0.513722 -0.436031 0.0390158
-0.260638 0.595233 0.0819553
0.161508 0.324829 0.176279
0.594766 0.0437718 -0.760276
0.416128 -0.814467 -0.00662088
-0.969156 -0.162824 0.138691
-0.0690486 -0.56966 0.363268
-0.152384 -0.553766 0.217977
0.391441 0.45421 0.0895836
0.481208 -0.66439 -0.178393
0.110845 -0.501207 -0.598723
0.596898 -0.704829 0.327628
-0.405569 -0.474479 -0.634792
0.31775 -0.366155 -0.254029
-0.579879 0.565107 0.512901
-0.721186 -0.225162 -0.432302
-0.316999 0.679316 -0.194405
-0.184621 0.349657 0.692255
-0.448361 -0.160258 -0.77662
-0.444631 -0.785684 -0.155361
0.666637 0.531168 0.103665
-0.223614 0.403477 0.737074
0.615948 -0.549014 0.36697
0.196265 -0.110361 0.868493
-0.813251 -0.240744 -0.437324
0.874063 0.210051 -0.0161197
0.275874 0.919366 0.183505
0.755577 -0.258518 0.0284341
-0.0144953 -0.562753 -0.448609
-0.215139 -0.45386 0.398301
0.36697 -0.170202 -0.672888
0.650964 -0.0488052 0.247028
-0.120805 -0.0663895 -0.0889402
-0.179429 0.811603 -0.0244001
-0.0103886 0.376753 0.759793
-0.0222822 0.265765 -0.192987
-0.41999 -0.5328 -0.561326
-0.339574 0.21245 -0.163787
-0.420282 0.586027 -0.0288341
0.351143 -0.333722 -0.418324
-0.288056 0.239289 0.429666
0.591206 -0.369563 0.300526
-0.752859 0.0190118 -0.393822
-0.450839 0.642218 0.318872
0.365719 -0.600369 0.581742
0.40421 -0.558323 0.289757
-0.148796 -0.175093 -0.379208
-0.847184 0.024633 -0.397064
0.473404 0.367295 -0.159155
0.240554 0.369614 0.321288
0.836444 0.26425 -0.327318
0.336681 0.116134 -0.355984
-0.329619 0.139687 -0.103711
-0.274204 0.863613 0.407911
0.0660118 0.22115 -0.269577
-0.576259 0.640839 -0.246737
-0.580379 0.688819 -0.0406306
0.795478 -0.388616 -0.132468
0.501476 0.816096 -0.2713
0.315174 -0.126505 0.927164
-0.772074 -0.14502 -0.0328403
0.47003 -0.65106 -0.526223
-0.484069 0.766505 -0.253255
-0.0503884 0.480398 -0.0907651
0.474991 -0.170801 0.0110276
0.64455 0.36379 -0.486955
-0.587643 0.557582 0.237102
-0.0322675 0.475664 0.252755
-0.533363 0.0402484 0.492358
0.843845 -0.173729 0.286202
-0.303801 -0.0677072 -0.244312
-0.572044 -0.5857 0.184779
-0.417832 0.219317 -0.660485
0.262361 -0.746979 -0.382925
0.264883 0.621751 -0.306888
-0.427846 0.760183 -0.325963
-0.226288 -0.222168 -0.569663
0.152848 -0.16877 -0.375876
0.0666754 -0.412792 -0.0267538
-0.262475 -0.321945 -0.905068
0.596099 0.329301 0.555246
0.0794436 0.337145 0.251
-0.587542 -0.247017 0.120631
0.658641 0.00851075 -0.249583
0.891446 0.102051 0.346522
0.192035 -0.0551817 -0.437065
-0.379721 0.597514 -0.532698
-0.428419 0.260583 0.0507568
0.369568 0.462734 -0.000444194
0.0424263 -0.722949 0.0903006
0.221135 0.242396 0.0587484
0.42371 -0.16064 0.218371
0.714317 -0.294544 0.408176
-0.669426 0.171248 0.153123
-0.530682 -0.72697 0.297889
-0.765477 -0.21029 -0.0932893
-0.606929 -0.603144 -0.486633
-0.629819 0.282559 -0.652431
-0.353011 0.451845 0.522393
0.617221 0.275299 -0.504231
0.282175 -0.874722 0.0200019
0.258476 0.331438 -0.666944
0.771542 -0.17182 -0.433761
-0.198769 0.0184341 -0.28669
0.336665 -0.363329 -0.14926
-0.696826 -0.389414 0.118775
-0.330027 0.460703 0.228291
-0.36792 -0.565611 -0.710719
-0.0996949 0.136581 -0.0971338
0.803825 -0.106083 0.566852
-0.0750319 0.216617 0.48479
-0.284029 -0.805569 -0.108478
-0.759926 -0.101736 0.591241
0.18819 0.222426 -0.691524
-0.0752038 0.204816 0.577017
0.765309 0.0139488 -0.390514
0.323982 0.0777423 0.361407
-0.402197 -0.263217 0.166347
-0.0712685 0.967621 0.11884
0.804897 -0.0124708 -0.112277
0.781028 0.218828 -0.382004
-0.390809 -0.0747648 -0.836551
0.391007 -0.15351 -0.364861
-0.405833 -0.780536 -0.305278
0.320118 -0.404758 -0.691458
-0.355956 0.0872409 0.148364
-0.0801673 -0.877954 -0.244766
0.0552892 0.848844 -0.212911
-0.535653 -0.235229 0.194364
0.205998 0.0199901 -0.248967
0.398109 0.245977 0.326073
0.494955 0.444984 0.281824
-0.0480585 0.524678 -0.241105
0.305205 0.213844 -0.773479
-0.16158 0.0490378 0.207399
0.505077 -0.0226186 -0.0963177
-0.0559832 -0.819067 -0.172237
0.20757 -0.681791 0.0588529
0.675116 -0.315174 -0.149277
-0.211663 0.347346 0.0849988
-0.612427 0.456727 -0.1111
0.37663 -0.0654789 -0.487007
0.189401 -0.829469 0.208261
0.510262 -0.786166 -0.0746486
0.44482 0.598939 -0.604683
-0.365591 0.880315 -0.148205
-0.147069 -0.138087 -0.182067
0.593183 0.0438491 -0.533384
0.0267871 -0.456352 -0.720442
0.818047 0.407314 -0.184172
0.344202 0.470624 0.0781704
0.656292 0.108844 -0.217415
0.0207298 -0.00654156 0.754837
-0.0437533 0.0227142 -0.00234353
0.790595 -0.199696 0.225702
0.519835 -0.136914 0.324598
0.167926 -0.247994 0.679465
-0.637698 0.277728 0.527386
0.356754 -0.404281 0.272673
0.200114 -0.279606 -0.442434
-0.84702 0.0943315 0.119177
0.146316 0.137413 0.926332
0.440165 0.311761 0.542912
-0.788591 0.450875 0.069879
-0.272435 0.133036 0.509945
-0.677975 0.64256 0.0475582
-0.129484 -0.650934 -0.405467
-0.536746 0.205601 -0.703238
0.398258 0.537349 -0.502953
-0.568169 0.51613 -0.308578
0.0928324 -0.219608 0.76952
-0.656023 0.37583 -0.14163
-0.0487747 -0.69853 -0.432418
-0.693422 -0.61657 -0.19334
0.375545 0.565155 0.289517
0.684534 -0.686497 0.199947
0.214299 0.656874 0.419041
0.154596 0.577256 -0.198005
-0.906446 0.280758 -0.0703108
0.0369572 0.492652 0.683958
0.0644078 0.128233 -0.402255
-0.0571048 0.587121 -0.0193466
-0.204953 0.0543328 0.746597
0.754961 0.376829 0.0347497
0.075802 0.736584 -0.208581
-0.792251 0.336255 0.0940644
-0.487514 0.139013 -0.780319
0.228618 -0.758956 0.606843
-0.542169 0.693308 0.220596
-0.5626 -0.432784 -0.613536
0.254611 0.793653 -0.0727404
0.724043 0.126977 0.0569127
0.40459 -0.684816 0.00469086
0.348719 0.082017 0.729328
0.267287 -0.626834 -0.42675
0.312681 0.000448583 -0.918769
-0.0403813 -0.231192 0.288809
0.23189 0.0676924 0.200584
0.236882 -0.575902 -0.775041
0.17219 0.94719 0.171432
0.131792 0.0375819 -0.468393
-0.545848 0.0571607 0.0423441
0.456694 0.428214 -0.309165
0.817622 -0.0941215 -0.528065
-0.512798 0.117154 -0.382999
-0.782159 -0.360965 -0.054486
0.251711 -0.310982 0.696336
0.0783813 -0.768921 0.278122
-0.523097 0.227363 -0.469697
0.440485 0.46583 -0.246424
0.778054 -0.13701 0.463571
-0.279433 -0.611795 -0.39045
0.588779 -0.805011 0.0590166
-0.111412 -0.0837177 0.257119
-0.112681 0.888395 0.235697
0.412284 -0.870793 -0.0365172
0.0157695 -0.0944052 0.763671
-0.0506907 -0.612745 0.19649
-0.614228 -0.611481 0.458413
-0.152621 -0.242815 -0.281501
0.260365 0.427754 -0.162014
0.422357 -0.439765 0.0178585
-0.334784 0.550109 -0.337093
0.056767 -0.557474 -0.611088
-0.19727 -0.0606105 0.550982
-0.547831 0.708071 -0.251662
-0.773106 -0.205753 -0.332899
-0.40161 -0.816163 -0.340926
0.830809 -0.183133 0.171794
0.0740188 0.150142 0.705776
-0.885563 -0.147427 0.273381
0.59676 -0.376305 0.225494
0.68822 -0.052802 0.398805
-0.196333 0.236696 0.593192
-0.413121 0.16313 0.234372
0.534814 0.785566 0.242798
-0.547098 -0.55862 -0.149202
0.13559 0.119426 0.973747
-0.626149 -0.28684 -0.614346
0.471181 0.500566 0.722312
0.294603 -0.335146 0.617306
-0.187885 -0.535551 -0.244382
-0.309445 -0.784971 -0.134547
-0.58492 0.499223 0.40589
-0.63205 0.161322 -0.709124
0.294798 -0.421645 -0.125204
0.485378 -0.531141 0.355093
0.128036 -0.0411859 -0.592223
-0.601476 -0.513861 0.0522622
-0.147275 0.0131465 -0.324825
-0.362263 0.803242 0.28204
-0.39792 0.288618 0.595664
-0.121901 -0.569461 0.416008
-0.349537 -0.219098 0.682459
0.241534 0.0251396 -0.787575
-0.456888 0.0266556 0.84891
0.564396 0.741719 0.057936
-0.895818 0.184053 -0.284973
-0.44355 -0.0451247 -0.771412
0.227905 -0.572626 0.397657
-0.109634 0.066646 0.253117
0.713736 -0.21653 0.191087
-0.214818 0.619168 -0.0562413
0.698879 -0.576838 -0.41404
-0.87866 -0.0705104 -0.0758299
-0.130251 0.77678 -0.22618
-0.331017 -0.262747 0.75553
0.281957 0.0339846 -0.427127
0.284902 -0.445092 0.651351
-0.545894 -0.427748 0.216823
-0.67195 -0.20368 0.620622
-0.282072 -0.0706613 -0.282669
0.23443 0.619348 0.387417
0.216767 0.411234 0.016487
-0.190102 0.706652 -0.115316
0.565103 0.588746 -0.391116
-0.0338695 -0.512395 0.480421
0.540697 -0.453606 0.619269
-0.0328691 -0.717125 0.64938
-0.0758582 -0.1311 0.409233
-0.200929 -0.148758 0.838539
0.695615 -0.183359 0.27635
0.229608 -0.336981 -0.748745
0.339924 -0.112541 -0.384993
0.745262 0.0878849 -0.134783
0.149827 0.433839 0.565823
-0.277992 0.0984359 0.372834
-0.405968 0.329427 0.411655
0.222917 -0.366735 -0.868882
0.235451 -0.568531 -0.777304
0.665797 0.126827 0.443432
-0.232248 0.637245 -0.33707
0.888557 0.102229 0.0415313
-0.157826 0.270935 0.284993
0.77052 -0.293044 0.174484
0.121852 -0.727803 -0.522473
0.100335 -0.309935 0.690129
0.493073 0.174571 -0.380254
-0.444677 0.748669 0.36807
-0.380073 0.304384 0.0828827
0.1246 0.210392 -0.31759
0.439931 0.180152 -0.139157
0.0174881 -0.410292 -0.908542
0.0921431 0.390389 -0.57412
0.913482 -0.0665763 0.107423
-0.373342 0.617309 0.448961
0.0422967 0.408376 -0.335687
0.379377 0.710851 -0.431837
0.252775 0.139347 -0.515629
0.381171 0.209664 -0.40294
0.352411 0.734888 0.223955
0.636568 -0.0813795 0.222742
0.16265 0.313436 -0.455884
0.393133 0.408373 -0.625282
0.867048 -0.166147 -0.152922
0.741288 -0.339477 -0.366249
-0.12325 -0.207601 -0.0421697
-0.640041 0.0116379 0.582702
-0.48666 0.73041 -0.136445
0.857762 -0.115337 -0.0902098
-0.483737 0.304597 -0.0859596
0.216776 -0.537059 0.282632
0.0127879 -0.172954 -0.347223
-0.51557 0.118803 0.796085
0.0964401 -0.831389 -0.279836
0.313354 -0.169068 0.438312
0.554823 0.349716 -0.180048
-0.706224 0.214106 0.0733409
-0.775174 0.438232 0.24677
0.807515 0.0763096 -0.00372563
0.421153 0.177612 0.62208
0.693807 -0.479067 -0.431764
-0.392076 -0.00294091 0.532193
-0.579725 0.0571032 0.00781881
-0.124849 0.730665 0.0367549
-0.731725 0.382081 -0.115516
0.330053 -0.536915 -0.525888
0.0176483 -0.11375 -0.508276
0.169044 0.188858 0.550467
0.424314 0.719021 0.46878
-0.234197 0.0480078 -0.527635
0.773654 0.193169 0.0827044
0.0162156 -0.115087 0.927554
-0.618921 0.0955959 0.345599
0.283201 -0.180229 0.452257
0.170001 0.411538 -0.0360485
-0.311776 -0.690267 -0.266725
0.0831985 0.770143 0.524083
0.1669 -0.416769 -0.736697
-0.372384 0.0798006 0.410371
-0.0344687 0.0592605 -0.0913029
-0.0868321 -0.450038 0.206316
0.412275 0.385449 0.112987
0.625027 -0.0410565 0.301011
-0.567172 -0.136571 0.666254
-0.72155 -0.393565 0.41723
-0.0231412 0.436011 0.0690615
-0.511853 0.738106 0.334575
0.0704041 -0.526168 0.814556
-0.37753 0.00578951 -0.0904796
-0.502198 -0.484734 -0.214979
0.690036 -0.433693 0.462986
0.0937829 -0.302623 0.667982
-0.781649 0.294889 -0.0613632
0.402728 -0.354688 -0.380328
-0.569743 -0.0411496 0.781987
-0.580782 -0.421372 0.681455
-0.245726 0.597569 0.399572
0.516577 0.245658 0.730875
-0.594474 -0.216107 0.154838
0.305 -0.138627 -0.669632
-0.476988 0.0777906 -0.0673872
-0.189652 -0.543223 0.689569
0.28531 -0.923609 0.058081
0.426603 0.373292 0.604738
0.867324 0.1333 0.124208
0.0260759 -0.271332 -0.454394
-0.48811 -0.0821755 -0.790511
-0.00111366 0.158212 0.304071
0.241084 0.479885 0.0231339
0.272112 -0.30414 0.074916
0.565556 0.54394 -0.48061
0.367878 0.238982 -0.674665
-0.688998 -0.538947 0.223518
-0.580985 -0.00983115 0.491506
-0.510868 0.38093 0.129702
0.51118 -0.105103 -0.0341608
-0.30097 0.22394 -0.169033
0.771514 -0.136145 -0.172988
-0.141764 -0.250422 -0.518011
0.25964 0.833038 0.130331
-0.588292 0.0929955 0.747957
0.151304 0.149637 -0.0601168
0.118028 0.662207 -0.31081
0.486917 -0.172742 -0.74226
-0.303656 -0.723053 0.211885
0.503792 -0.407739 0.610651
0.541622 0.182284 0.297977
-0.253878 -0.0442219 -0.394959
-0.130421 -0.631755 0.482631
0.28309 0.376381 -0.328121
0.309277 0.0623066 0.715076
0.186302 -0.109363 -0.618019
-0.319845 0.626918 -0.431127
0.354168 0.3988 -0.396267
0.389345 -0.00608602 -0.43436
-0.229493 0.841184 0.46114
0.21846 -0.389749 -0.683224
0.319454 0.770687 0.37239
-0.0934144 0.190029 -0.409219
0.65868 -0.643743 0.10963
0.254348 -0.114304 0.310145
0.668683 0.164604 0.610464
0.819729 0.241855 0.3002
0.0744999 0.575323 0.392887
0.351419 -0.257452 -0.8167
-0.273474 0.154146 0.684518
-0.104433 0.540458 -0.663931
0.517623 0.265666 -0.117647
-0.154571 0.478874 0.428097
0.181135 0.437023 0.100834
-0.542781 -0.118685 -0.057598
-0.352371 -0.232499 0.297737
0.631472 0.24566 -0.219088
-0.0525989 -0.431026 -0.768835
-0.62396 -0.418439 -0.102707
-0.51566 0.0159 0.182586
-0.794269 0.42502 -0.339818
-0.50885 -0.474629 0.60998
-0.188245 0.204133 0.545357
-0.0868862 -0.454547 0.212736
0.814994 -0.195629 0.48635
-0.0382041 0.417088 0.367857
0.122651 -0.188566 -0.728794
0.18402 -0.684924 0.386597
0.134665 -0.546709 0.364024
0.594995 0.325015 0.125192
0.242629 -0.448631 -0.314218
-0.142063 -0.0987419 0.918979
-0.813103 -0.565475 -0.000532382
0.331155 0.279866 0.445237
0.522903 0.418429 -0.38379
0.395693 0.252314 -0.620602
0.013086 -0.161744 -0.170253
-0.433831 0.511348 0.014352
-0.433827 0.525033 0.509018
0.341605 0.33581 0.571304
0.790499 0.153105 -0.258157
0.530252 0.476617 -0.1105
0.661312 0.459709 0.588046
-0.435304 0.233129 0.420423
0.0681359 0.339154 0.736277
-0.467452 -0.303481 -0.82051
-0.354899 -0.757901 0.239519
0.0473337 0.120361 0.540141
0.0547166 0.574739 0.0524855
0.365938 0.40063 -0.538242
0.0840135 -0.615786 -0.715819
0.680444 0.504472 0.346445
-0.629367 -0.465147 -0.329439
0.242776 -0.536356 0.118777
0.412076 0.454253 -0.609224
0.827892 -0.405084 0.00393234
-0.262974 -0.352656 0.157662
-0.279756 0.0937951 -0.173748
0.593664 -0.162592 0.434905
0.784719 0.22213 -0.542765
0.650829 0.590041 -0.340702
-0.307238 -0.160445 -0.846737
0.132027 -0.137398 -0.519767
0.625806 0.238078 0.536118
0.471367 0.553613 0.568553
-0.787052 0.121529 0.0270043
0.263759 0.664233 0.210274
0.554924 -0.211076 0.545116
-0.052111 0.611868 -0.580278
0.309977 -0.0591222 0.659874
-0.549745 -0.159354 0.372505
0.298766 0.191056 -0.521368
0.825187 0.0386657 -0.518013
0.862974 -0.287264 0.327083
-0.712318 -0.0265407 0.343412
-0.0213391 0.651753 -0.65035
-0.591786 -0.0797702 0.485113
-0.195311 -0.585977 -0.0839086
0.234606 -0.444402 0.473859
0.403487 0.81176 -0.147726
-0.322905 -0.700599 -0.425914
0.779093 -0.179905 -0.0349241
0.0449341 -0.895028 0.379585
-0.170731 0.102653 -0.238974
-0.0690106 -0.818767 0.0391893
0.340168 -0.422164 -0.253238
0.0560348 -0.282665 -0.237735
-0.156217 -0.291553 -0.41369
0.388778 0.0321835 0.47123
0.432887 -0.227102 0.226998
-0.530032 0.287599 -0.777317
0.426655 -0.167071 0.634458
0.0242504 -0.589958 -0.0481969
-0.347676 -0.111261 -0.312089
0.21167 0.602006 -0.439184
0.76499 -0.0693572 -0.0610784
0.219028 -0.586685 -0.749153
-0.831412 0.279623 0.018354
0.635387 -0.633529 0.282605
-0.0881889 -0.127461 -0.524759
0.352195 0.544025 0.689237
-0.226441 -0.0939057 0.37951
0.497435 -0.338426 0.188024
0.366508 -0.614656 0.385469
-0.0302939 0.310574 -0.0475651
0.668928 -0.362894 -0.193963
-0.924249 0.224816 0.106422
0.829729 0.521494 0.139049
0.198523 -0.716478 -0.630645
0.600772 -0.359165 0.0753448
-0.344338 0.200888 0.551532
0.211733 -0.399709 -0.486401
-0.53035 0.0527836 -0.540911
0.523885 0.0996032 0.247662
0.56233 -0.736179 0.0854978
-0.722554 0.293444 0.308331
-0.0099666 -0.231101 -0.97156
-0.0920427 0.118376 -0.971115
-0.745557 -0.0279073 -0.264832
-0.125554 -0.436963 0.109865
-0.0425564 0.092194 -0.905269
-0.319716 -0.228209 0.506618
-0.332205 0.467693 0.334513
0.356785 0.0985561 -0.839128
-0.128043 -0.598444 -0.366385
-0.219711 -0.521355 0.578566
0.591348 -0.630377 -0.408399
-0.749228 -0.569015 0.32244
-0.13507 -0.643214 0.22729
0.970362 -0.16354 0.0918882
-0.577537 -0.128138 0.681011
0.270621 0.689565 0.281672
0.429719 -0.569888 0.0609762
0.445022 -0.484494 0.576523
-0.115587 0.696647 -0.529087
-0.243774 -0.569059 -0.634893
-0.100225 0.605909 0.686488
0.251281 -0.715607 -0.00298784
-0.616754 0.443351 -0.63864
-0.102397 -0.0475003 0.589451
-0.600281 -0.103672 0.561678
-0.827845 -0.282427 0.264163
-0.0556148 0.608115 0.64282
-0.763968 -0.0285577 0.618747
-0.284235 -0.258106 -0.607026
0.623435 -0.653612 0.264227
0.891943 0.207668 -0.132555
0.23623 -0.402648 -0.29454
0.724377 -0.173248 -0.426905
0.707431 0.248579 -0.173939
0.150516 0.888123 -0.32629
0.84227 -0.5237 -0.0750634
-0.313958 -0.382715 -0.263558
0.199794 0.249796 -0.791907
-0.617057 -0.494125 -0.258068
0.0695159 -0.0587138 -0.288212
0.0469881 -0.713107 -0.499596
-0.0125772 0.607306 -0.647226
-0.107519 0.176995 0.125429
-0.533765 0.479561 -0.000720622
0.662671 0.345319 -0.205214
0.596072 -0.523531 -0.445101
0.5588 0.208603 -0.0996806
-0.550065 0.203093 -0.585854
0.251239 0.123952 -0.0796537
-0.176432 0.336702 0.615842
-0.439001 -0.582016 0.441683
0.392375 0.357255 0.681802
0.00744213 0.762406 0.432844
-0.0977765 0.319873 0.5614
-0.217941 -0.560368 0.193507
0.470971 0.233263 -0.0176211
0.801215 -0.242091 0.0286193
0.0837613 -0.927672 -0.309106
-0.506182 -0.790769 -0.00221042
0.676237 0.53798 0.193715
0.129629 -0.455539 0.00653422
0.303399 0.0712659 -0.045645
-0.246474 -0.044155 0.283377
-0.437434 -0.526471 -0.358452
0.430323 0.785066 0.230626
0.126748 0.337775 -0.359447
-0.866647 0.368278 0.127811
-0.0596099 0.728722 -0.261777
-0.238473 0.153469 0.072719
-0.229132 -0.3287 0.882658
-0.108854 0.0416293 0.237962
-0.037251 0.33545 0.873475
0.261841 -0.439673 0.734637
-0.640146 0.695174 0.273597
-0.656861 -0.174964 0.266471
-0.305042 -0.857406 -0.131826
-0.377222 -0.200811 -0.104984
0.00447725 -0.488725 0.107942
-0.350758 0.389091 -0.146598
0.280374 -0.0561802 -0.849088
-0.0662518 -0.32645 -0.191407
-0.126488 0.201425 0.381186
-0.266929 -0.785804 0.230479
0.0386692 0.227118 -0.0856424
0.843804 0.191746 -0.141658
0.126852 -0.755394 -0.256947
-0.812157 0.0993462 0.159312
0.133438 -0.898749 0.204543
-0.570719 0.393036 -0.400987
-0.491885 0.0579296 0.653388
-0.416327 0.0438356 0.554333
0.0998454 -0.454259 -0.0212975
0.606035 0.0964563 0.217664
-0.520956 0.0895694 0.809434
-0.171798 0.0764766 0.593499
0.380651 -0.640701 0.442504
-0.485397 -0.559078 -0.301863
-0.69543 -0.0563302 0.546507
0.117614 -0.516803 0.549472
0.659545 -0.261012 -0.442542
0.229036 0.610812 -0.179002
0.511429 0.773594 0.0212819
-0.382226 0.233809 0.560062
-0.154351 -0.886366 0.131802
0.395987 -0.553374 -0.12538
-0.449275 0.70264 -0.0417049
-0.901247 0.199104 0.351818
0.12407 0.235138 -0.305475
0.509205 -0.505515 0.490336
-0.1878 -0.257855 -0.718728
0.0201488 0.764264 0.286454
-0.368855 -0.420391 -0.430052
0.770605 -0.445817 0.0489121
-0.466478 0.476425 -0.245304
-0.534402 0.0799798 0.62872
-0.229894 -0.091692 -0.528556
-0.298207 -0.659149 -0.477143
-0.442482 0.590785 0.560416
-0.353038 -0.837186 -0.312018
0.498753 -0.547882 -0.252404
0.131856 -0.424698 0.275044
0.752891 -0.0285915 0.0510516
0.28516 0.0425933 0.294098
-0.338648 -0.532757 0.612812
-0.1732 -0.905679 -0.132746
0.322916 0.0498319 -0.178066
-0.334103 0.214013 0.641058
0.634621 0.546641 -0.473443
0.349987 -0.401595 0.510121
0.62 -0.469589 -0.122366
0.315931 -0.892362 -0.295101
-0.00119453 -0.473044 0.604023
-0.606929 -0.709717 0.129417
0.729147 -0.0446336 -0.17027
-0.181608 -0.121642 -0.469796
0.839745 -0.16125 -0.24257
0.113344 0.410744 0.747542
0.817126 -0.300493 -0.118252
0.129891 -0.114239 -0.248999
0.642395 0.225379 0.0756084
0.511961 -0.425029 -0.580411
-0.0561034 -0.632414 0.363979
0.349129 0.48992 -0.68591
0.405779 -0.290249 -0.276111
-0.354604 0.0845325 0.0102755
-0.183973 0.575508 0.449901
-0.171632 -0.410596 -0.694112
0.457348 -0.474125 0.0452676
0.112913 0.420933 -0.251646
-0.329235 0.303522 -0.546689
0.34257 0.488695 0.484504
0.386202 0.557946 -0.350132
-0.118743 0.906163 0.144918
-0.0156338 0.133095 0.834882
-0.18937 0.0510517 0.385467
0.747562 0.14061 0.364845
0.0208734 0.590141 0.215127
0.452165 0.365193 -0.7541
-0.00948168 -0.545639 -0.726673
-0.0380945 -0.114209 -0.700994
0.611067 0.355268 0.544793
-0.128988 -0.720026 0.600451
0.29615 -0.793046 0.422111
-0.102842 0.721886 0.516468
-0.181839 -0.839669 0.120908
-0.0110335 -0.564594 0.373272
-0.565635 0.374868 -0.614858
0.610998 -0.609016 0.0555308
0.024959 0.916817 -0.329064
0.452923 0.00741896 -0.349162
0.158026 -0.251493 0.90609
-0.680303 -0.119835 -0.598224
-0.073487 -0.503106 0.404473
-0.0203759 0.51055 0.63465
-0.140548 0.117747 0.414617
-0.0239427 0.00556374 0.0498011
0.0949192 0.623992 -0.323281
-0.282529 -0.362123 0.161981
0.466463 0.152915 -0.63997
0.240912 0.925888 -0.121298
0.0307382 0.219635 0.66496
0.237618 -0.613533 -0.596231
-0.341902 -0.218817 -0.650493
0.175113 0.266455 0.103524
0.658926 0.292017 -0.631597
0.497406 -0.307139 -0.0114921
-0.119331 -0.0715501 -0.0909695
-0.514368 -0.391244 -0.457507
0.16504 -0.825788 0.066157
0.0541464 -0.486074 -0.745487
-0.266323 0.301967 0.846759
0.537605 0.695599 -0.444446
0.821785 -0.163698 0.0875805
0.0414682 -0.43299 -0.226872
-0.177548 0.486972 0.363315
-0.277545 0.778516 -0.0302651
0.214356 0.0675582 -0.654859
-0.32665 -0.835734 0.111822
0.222896 0.128719 -0.388502
0.819782 0.388656 -0.0242113
-0.824634 0.0537954 -0.199998
0.0603747 -0.985187 -0.0817133
-0.468059 -0.527805 -0.136176
0.459119 0.767441 -0.0881855
-0.181529 0.508739 0.239082
0.0323665 0.522645 -0.117244
0.110784 -0.313325 -0.835203
-0.315829 -0.241195 -0.508246
-0.325137 -0.467005 0.300932
0.659475 0.362246 -0.64804
-0.0069688 -0.453952 0.318054
0.0942021 -0.117971 0.677264
-0.379705 -0.335646 -0.502994
-0.236222 0.840852 0.233984
0.175184 0.262424 -0.0665562
-0.407131 -0.155857 -0.207455
0.554306 0.71987 -0.0402671
0.528457 0.267152 -0.139767
-0.549038 0.317409 0.749515
-0.107405 -0.31214 -0.600588
-0.728431 0.0400035 0.246078
-0.308679 0.808356 -0.108565
0.263928 -0.422003 -0.337235
-0.0246312 -0.198245 0.11146
0.651892 -0.308485 0.535616
-0.54036 -0.129894 -0.19395
-0.361412 -0.312475 0.24753
0.208152 0.848993 0.28672
0.773004 0.25148 -0.421714
0.162506 -0.181493 -0.00550432
-0.659639 0.129507 -0.104577
0.251423 -0.588399 -0.530148
-0.0373727 -0.571759 -0.0551617
0.715804 0.113107 0.0650447
-0.249331 -0.686568 0.314954
0.430521 -0.187672 -0.302427
0.443928 -0.396589 0.786281
-0.0625351 0.50052 -0.00529543
-0.51363 0.1384 -0.326141
-0.298582 -0.62151 -0.515132
0.436456 0.226617 0.496135
-0.285846 0.699188 -0.0149436
0.39707 -0.756308 -0.178617
-0.199972 0.224477 0.751388
-0.332782 0.148601 -0.449414
0.403783 0.21033 -0.665441
-0.625513 0.626604 -0.152802
-0.516556 -0.270106 -0.63561
0.795813 -0.353401 0.309556
-0.248367 -0.182867 -0.266452
0.307033 -0.819719 -0.305741
0.255608 -0.0211982 0.147719
-0.176657 0.191316 0.57847
0.148507 0.494108 -0.0732853
0.627342 0.0856512 0.213096
-0.395862 0.392754 0.799299
-0.253041 0.204261 -0.219312
-0.764465 -0.465675 0.309802
0.753234 -0.159087 0.35111
-0.161664 -0.188183 -0.0719979
-0.839455 0.109868 0.397804
0.415643 -0.544396 0.669002
0.478937 0.819607 0.0305045
-0.535297 0.466446 0.487228
0.220687 0.426329 0.362266
0.168992 -0.899932 -0.26065
0.132835 0.544545 0.761789
-0.344102 0.859309 0.223667
0.219453 0.557413 0.691196
0.109925 -0.187372 0.251448
-0.203801 -0.574569 -0.33636
0.366113 -0.419476 0.0530322
0.26003 0.240961 -0.385831
-0.304354 -0.820979 -0.410676
0.623146 0.669406 0.046291
-0.3481 -0.701584 0.316861
0.0670338 0.086892 -0.337238
0.660375 -0.0498659 -0.22937
0.864137 -0.206968 -0.0888575
0.190153 0.0837043 -0.910192
-0.349591 -0.425909 0.552139
-0.103734 -0.00814548 0.231289
0.820941 -0.0215356 -0.540576
0.312704 0.801386 -0.130731
0.733271 -0.0411093 0.105938
-0.26039 0.450963 -0.684851
0.439862 0.529335 0.667365
0.850464 0.210972 -0.0774507
0.615244 -0.16242 0.737344
0.913572 0.0826164 -0.331223
-0.294061 -0.369558 0.565587
-0.483595 0.467532 -0.344882
-0.950467 0.0821465 -0.0770476
-0.327046 0.164081 0.314162
-0.446855 -0.185907 -0.156568
0.0384984 0.740336 -0.308875
-0.289602 -0.738593 -0.334996
0.386684 -0.576421 0.187583
-0.563461 0.548405 -0.438617
-0.300977 -0.420275 -0.214891
-0.684941 0.213304 -0.535132
-0.239893 -0.0942004 -0.545324
0.0311962 -0.894323 0.210991
-0.0126088 -0.142983 -0.326721
-0.400361 0.448776 0.227643
-0.226167 -0.188021 0.224441
-0.0756326 -0.447176 0.783883
0.649778 -0.43289 -0.0264686
-0.403544 -0.765838 -0.461494
0.194467 -0.0934714 0.311009
-0.696026 -0.526957 -0.447296
-0.574801 0.544004 -0.32671
-0.38535 -0.730937 -0.0939657
-0.21701 0.361145 0.0398233
-0.767198 -0.371152 -0.341052
-0.16779 -0.0178026 0.173273
-0.216614 0.0339624 -0.974524
0.242614 -0.819213 0.317282
-0.210281 -0.00363965 0.751925
0.47369 -0.0960291 -0.358313
-0.559603 0.00250397 0.0969812
0.303529 0.0631473 -0.557171
-0.324046 0.0138924 0.234134
0.569676 -0.294617 0.0318084
0.142636 -0.424797 -0.443038
-0.766433 0.28949 0.396219
0.343928 -0.903533 0.179749
-0.107436 -0.443771 -0.0737834
-0.70474 0.174013 -0.233988
0.193223 -0.736852 0.216752
0.427803 0.758568 0.289794
0.117902 0.0854604 -0.765606
0.0145484 -0.579857 0.0263765
0.110087 -0.122772 -0.34797
0.838554 0.302698 -0.0966324
-0.128191 0.973177 0.0607817
-0.513683 -0.476296 0.137468
0.565534 -0.537959 -0.133553
-0.411102 0.299405 -0.412033
-0.414684 0.656261 0.521054
0.765171 -0.462068 0.365129
-0.387526 -0.538664 -0.733567
0.235991 0.625234 0.30282
0.858402 -0.317985 -0.142576
0.601628 -0.710103 -0.349195
-0.473779 -0.398647 -0.0615931
0.268848 0.0105732 0.648678
-0.32967 0.486079 0.430652
-0.23383 0.347915 -0.568903
-0.0590006 0.103004 -0.635498
-0.711185 -0.122074 0.506535
-0.229004 0.116659 -0.693847
-0.145324 -0.832137 0.266303
0.350289 0.0147974 0.0799948
0.462927 -0.726678 -0.208077
-0.168822 0.745288 -0.374837
-0.00852359 0.844921 0.072902
0.661894 0.0378256 0.124254
-0.187821 0.290947 0.661109
-0.0697445 -0.514702 0.312156
0.197282 0.521014 -0.365833
-0.629664 -0.729485 0.0532552
-0.0132356 -0.668925 0.307997
-0.37283 -0.737708 -0.138615
0.122329 0.868179 -0.0467555
-0.10389 -0.651446 0.481878
-0.136466 0.156723 -0.876471
0.160637 0.33319 -0.551836
0.741609 0.535944 -0.25653
-0.529182 0.487883 0.668639
-0.0810919 0.705669 -0.0857519
-0.585377 0.186119 -0.088728
-0.696023 0.0165692 -0.520759
0.400464 0.379678 0.130414
-0.0364846 0.193692 0.182472
-0.190894 0.435842 0.0661058
-0.295003 0.857547 0.148345
-0.413824 -0.674918 -0.24113
0.817386 0.422822 0.0563366
0.584714 -0.478993 -0.0820722
-0.308088 0.160731 -0.627514
-0.347181 -0.732327 -0.357408
-0.12348 0.818222 -0.0014203
-0.502977 -0.448455 -0.468512
-0.599423 -0.080399 0.647766
-0.613617 0.203342 0.670004
0.540973 0.0970267 0.0485485
0.247484 0.779441 -0.382127
-0.157144 -0.0933311 0.297634
0.877783 -0.0532637 0.46862
-0.0937175 -0.442758 0.759317
0.695685 -0.0489907 -0.104656
0.303171 -0.050961 -0.46782
0.225788 0.0827687 0.836111
0.54198 -0.121484 -0.246132
-0.454894 0.374273 0.0171843
0.293031 -0.471644 0.112725
0.574082 -0.0795106 0.177675
-0.264733 -0.7603 -0.546882
0.230906 -0.879729 -0.366172
0.597351 -0.627935 0.254326
0.0424277 0.142393 -0.168135
0.53134 0.383778 0.687523
-0.34293 -0.332095 0.432504
0.236181 0.128986 -0.720231
-0.0920284 -0.483022 0.341354
-0.52129 -0.674216 0.367218
0.563087 0.597709 0.132034
0.23141 0.123966 0.259177
0.729032 0.041495 -0.352817
0.0220942 -0.513923 0.189916
-0.0988947 0.551727 -0.380005
0.60264 0.456557 -0.556617
-0.618194 0.361733 0.0657341
0.641985 -0.225419 0.4819
0.629886 0.298376 -0.458217
0.933222 0.170631 0.0132252
-0.0568371 -0.235707 0.699619
-0.554113 -0.404131 -0.568469
-0.145806 -0.226193 -0.631538
-0.186898 -0.0814463 0.888197
-0.60665 -0.706845 -0.241537
-0.0293381 0.67111 -0.412835
0.740439 -0.18884 -0.480701
-0.350139 -0.531646 0.132357
-0.0846226 -0.614905 -0.672374
0.761222 0.19792 -0.0938396
0.821062 0.0614471 -0.239439
-0.748371 -0.554827 0.108605
-0.251206 -0.100451 0.748253
-0.450095 0.332776 -0.769773
-0.139755 -0.897973 0.0085124
0.812688 -0.557295 0.0274186
-0.11405 -0.752471 -0.535419
-0.390902 -0.569828 0.558523
-0.198785 0.622349 -0.502821
-0.247331 0.530312 -0.280369
-0.0201876 0.255356 -0.287199
0.295894 0.548287 -0.351898
0.117832 -0.436976 0.195352
-0.405022 -0.76938 -0.36103
0.659602 -0.584766 0.233221
-0.260867 -0.464115 -0.804925
0.505419 0.399244 -0.74144
0.0460298 0.244449 -0.449952
0.130418 -0.730502 -0.0150968
-0.420284 0.182804 0.843299
0.473815 0.711753 -0.0173647
0.832973 -0.363244 0.0990729
-0.30177 -0.683623 -0.55542
-0.666966 -0.440753 -0.0797409
-0.85783 -0.245124 0.205692
-0.241267 -0.321761 0.6674
-0.0563463 -0.31993 0.455818
-0.288702 0.439199 0.657492
-0.674543 -0.0537172 -0.364347
-0.0661139 0.824797 -0.0680673
0.0994774 -0.492664 -0.347743
0.208753 -0.125969 0.653113
-0.532321 -0.429919 0.615031
0.500868 0.385894 -0.349428
0.416904 -0.661059 -0.266098
0.0345332 -0.046876 -0.706231
-0.419512 0.556794 0.517932
-0.16447 -0.0669792 -0.0304349
0.127453 0.413652 0.786019
-0.2 -0.450298 0.732889
0.465183 -0.0477689 0.781238
-0.23353 0.678501 -0.162584
-0.0414765 -0.86491 -0.176613
-0.272505 0.227936 0.215193
-0.534605 0.424548 -0.127651
-0.224569 0.652785 0.357989
-0.351803 -0.372684 -0.733172
0.841834 -0.347073 -0.204916
0.3445 0.0819413 0.884781
0.0224041 -0.440449 0.46573
-0.214384 -0.87631 0.334683
0.30054 0.370685 0.586869
-0.744576 -0.174955 -0.342429
0.486101 0.109229 0.104359
-0.287018 0.168026 -0.619456
-0.184543 -0.382104 -0.726066
-0.592805 -0.610717 0.24673
0.539878 -0.197976 0.534571
-0.492758 0.50475 -0.421778
0.168892 -0.362456 0.165598
0.0574373 0.131831 -0.654319
0.180032 0.563612 -0.13294
-0.0139271 0.321875 -0.100761
0.286755 -0.532694 -0.41122
-0.02427 -0.0476516 0.523269
-0.559067 -0.13704 0.0318567
0.240429 0.430857 0.431539
0.00885724 0.733514 0.25854
0.239279 0.136577 -0.642092
0.0392714 -0.564997 -0.759382
-0.292713 -0.921894 -0.098751
-0.457747 0.295615 0.575076
0.457367 -0.330696 -0.226948
0.516653 0.123895 -0.841276
0.239155 -0.697822 -0.557035
0.349705 -0.754336 0.0271543
0.154741 -0.205225 0.612123
0.186994 0.772561 -0.240646
0.196566 0.0408613 -0.0593366
0.893545 -0.37288 0.179758
-0.944244 0.281053 0.00790873
0.542094 0.223241 -0.53161
-0.260501 0.395044 -0.630773
-0.131971 0.488855 0.668978
-0.153373 0.795525 0.0543014
0.243494 -0.232592 0.340648
0.429543 0.552444 -0.0555907
-0.0555659 -0.0194658 0.943544
0.265691 -0.633085 -0.275649
-0.675941 -0.0993885 0.589484
-0.329412 0.630146 -0.208281
-0.430919 -0.0579656 -0.01978
0.332568 0.564198 0.00759882
0.348818 -0.575492 -0.435314
-0.586002 -0.441932 0.410772
0.323288 0.0829133 -0.793165
-0.048237 0.17921 -0.970872
0.0619933 -0.0480223 -0.192051
-0.848265 0.165382 -0.00917619
0.11975 0.532724 0.636885
0.367509 -0.0655537 0.165477
-0.231936 0.104559 0.356976
-0.0349162 -0.415776 0.100072
-0.429833 -0.0275199 -0.314538
-0.419353 0.405973 -0.610322
0.392322 0.125837 0.658891
-0.583876 -0.13211 0.179508
-0.586492 0.365594 0.117974
-0.204414 -0.043734 0.233076
-0.628486 -0.214136 0.0367305
-0.0964695 -0.519577 0.142593
-0.596205 0.115528 -0.389034
0.257847 0.179477 0.700764
-0.493613 -0.14777 0.661011
-0.0962089 0.298557 -0.31473
-0.130106 0.027026 0.781015
0.685252 0.224923 -0.586617
-0.525016 0.653429 0.229696
0.217515 -0.253576 -0.348982
0.811291 -0.171141 0.192343
0.496808 0.486787 -0.454802
0.299049 0.630841 0.205932
-0.423915 0.0596585 -0.821779
0.242612 0.316134 0.147708
-0.421785 0.418977 -0.429888
0.401336 0.444461 -0.598729
0.444393 0.133349 -0.483977
-0.232873 0.134707 -0.0460694
0.0469792 0.525693 -0.242367
-0.49754 0.250335 -0.64327
0.270413 0.278921 -0.813808
-0.556332 -0.62731 0.088231
-0.425634 -0.217913 -0.410425
-0.542071 -0.0110566 -0.220687
-0.604321 0.347461 -0.436124
0.667603 -0.0330828 0.094671
0.053463 0.804698 0.352989
0.635414 -0.322758 -0.635128
-0.257198 0.62744 0.434144
0.164232 -0.0265669 0.845833
-0.807039 0.243436 -0.446144
0.819319 0.126218 -0.435926
0.34574 -0.665492 0.054615
0.473847 0.584865 0.159139
0.214445 -0.296469 -0.559247
-0.516956 0.0453406 0.364295
-0.216609 0.282679 0.356511
-0.552984 -0.585827 -0.476374
0.154967 -0.831981 -0.0017414
0.276878 -0.0872746 0.172042
0.86845 -0.13993 -0.22355
0.321745 0.241584 -0.643816
-0.649085 -0.333757 0.0523034
0.0173528 0.451651 0.636812
0.542392 -0.158986 0.544867
0.877273 -0.248675 -0.112723
0.167845 0.0885053 0.333044
0.475529 0.241775 -0.48157
-0.0701496 -0.218255 -0.389736
-0.823793 0.102033 -0.174339
-0.656668 0.148631 0.0627091
-0.347258 -0.0159573 -0.696843
0.275238 -0.725425 -0.10959
-0.247957 -0.0503404 0.951045
0.487346 -0.726248 -0.23373
-0.788768 -0.520195 0.0251527
-0.501989 -0.0489997 -0.838522
0.0907096 -0.902662 -0.38017
-0.441025 -0.271477 0.805664
0.342966 -0.835431 0.38739
-0.384737 0.297211 0.844191
0.470104 0.045302 0.0289609
-0.640523 0.315273 0.214404
0.416345 0.520452 0.24521
-0.842303 0.148311 0.19338
0.165352 0.217585 -0.308251
0.358326 0.163496 -0.630455
-0.444461 -0.251251 -0.681821
-0.539712 -0.353302 0.0779155
0.3851 -0.317141 -0.499936
-0.276459 0.736567 0.490116
0.444694 -0.150368 0.764999
-0.732839 0.226271 -0.0158725
-0.797961 0.0809419 -0.0691848
0.224995 0.283446 0.0497043
-0.260974 0.0142119 0.511542
-0.0975252 0.59296 -0.473649
-0.519952 -0.071467 0.123411
0.532291 0.0224173 0.0742976
-0.114126 0.131631 -0.968047
-0.479993 -0.132773 -0.226437
0.297248 -0.199141 0.736992
0.110331 -0.120923 0.683843
0.112225 -0.273626 0.551525
-0.932556 -0.0799063 0.288953
0.14848 -0.594005 0.566527
0.382059 -0.0566296 0.484866
0.336252 -0.386071 -0.259967
-0.225402 -0.22399 -0.349643
0.0888717 0.522224 -0.59946
0.406682 -0.0213588 0.896757
0.0434265 -0.16491 0.764054
0.0686798 0.395334 0.734955
0.186483 -0.668851 -0.106678
-0.530153 -0.226525 -0.46446
-0.78064 0.297487 0.246034
0.0628978 0.743926 0.0311647
0.470261 0.361234 -0.0326498
0.46356 0.330465 0.106798
0.313596 0.818176 -0.0920036
0.0328303 0.360138 -0.229031
0.649037 -0.625975 0.161227
0.195111 -0.420378 0.397797
-0.173119 -0.833901 0.267025
0.338952 0.239813 -0.715718
0.707997 -0.145757 -0.0212223
0.780898 0.428521 -0.200613
-0.616989 0.408112 0.24634
0.545718 0.556595 -0.293936
0.51005 -0.426921 0.312882
0.53284 -0.255757 0.0107068
-0.662477 -0.707343 0.117246
-0.443245 0.193057 0.398871
-0.348918 -0.570339 -0.426752
-0.0786308 -0.542554 -0.52453
0.127641 0.702539 0.361919
0.538873 -0.0177642 -0.363404
-0.439911 -0.347091 -0.141496
-0.545046 0.735021 -0.229261
-0.230681 -0.612334 0.233974
-0.157748 0.401756 -0.694023
-0.147557 -0.474693 -0.338892
-0.425185 -0.769681 0.357157
0.454089 0.456728 0.206341
0.470869 -0.446024 -0.211466
0.154036 0.0116846 -0.541083
0.165388 0.570547 0.497274
0.300139 0.403032 0.66474
-0.473553 0.268289 0.116955
-0.229924 -0.0210793 0.860323
0.381736 0.583654 -0.385948
-0.499299 0.224243 -0.00112884
-0.629493 0.402278 -0.341927
0.000684997 0.78139 -0.298726
0.246203 -0.549246 0.102995
0.160283 -0.791419 0.449073
-0.476561 0.356876 0.45145
0.0513553 -0.0961932 -0.582093
0.876082 -0.279757 0.198249
0.416066 -0.284192 0.695473
0.837275 -0.254502 -0.338798
0.796343 -0.165718 0.0829817
-0.338047 -0.118787 0.662027
0.299656 0.36695 0.877148
-0.0802871 -0.105645 -0.786343
-0.0527543 0.0263872 0.706927
-0.470141 0.682828 0.526855
-0.284414 0.436935 -0.0666082
0.0407263 0.200784 0.832968
-0.295769 0.718597 0.490058
0.073423 -0.239707 0.648622
-0.450293 -0.740899 0.42286
-0.111966 -0.0953038 0.0732827
0.536675 -0.187549 0.289069
-0.896043 -0.12164 -0.0408712
-0.229193 0.199142 0.946539
0.376049 -0.372439 0.623256
-0.0331316 0.505418 -0.810698
-0.255033 -0.541609 0.567707
-0.279637 0.726593 -0.279838
-0.109067 -0.422109 -0.212288
-0.12484 0.0627942 -0.592755
0.195033 0.0641986 0.805735
-0.21532 -0.915409 0.257234
0.289907 0.0346188 0.694989
0.35778 0.708756 0.0278007
0.832625 0.274442 0.0487465
0.125447 0.90228 -0.298635
-0.0337064 0.623047 -0.629077
-0.334556 -0.133175 -0.794499
0.41994 -0.625988 0.631339
0.300132 0.47515 0.806049
0.710643 0.370634 -0.3314
-0.123273 0.779957 -0.565779
0.495275 0.669465 0.531861
-0.0327467 0.552656 0.0139235
-0.556895 0.500756 -0.466537
0.379174 -0.786786 -0.441332
-0.568109 0.589656 0.0747162
0.515953 -0.463082 -0.596328
-0.555773 0.673804 0.439923
-0.510712 -0.635633 0.509971
0.560617 -0.527457 -0.551179
-0.347405 0.0706837 -0.0637427
-0.564493 -0.221111 0.131744
-0.898771 0.287101 0.0146221
0.417074 0.597202 -0.40136
0.724265 0.36815 0.440962
-0.206402 -0.457297 -0.473134
-0.0629441 -0.371212 0.581644
0.0649405 0.528732 0.257329
0.833362 -0.321115 0.394046
-0.49185 0.285471 0.219185
-0.764021 0.495518 0.296219
0.348092 -0.752674 -0.416231
0.30982 -0.1516 0.781445
0.626853 0.473533 -0.268262
0.521943 -0.421881 0.301712
-0.156615 0.501798 -0.761534
0.488424 -0.683362 0.451203
0.162172 0.701817 -0.266944
-0.335377 -0.236637 0.803146
0.586846 -0.482648 0.178408
0.404774 -0.365636 -0.275674
0.414015 0.397959 0.439345
0.190611 0.926343 0.188729
-0.232912 -0.150667 0.519975
-0.469113 0.821937 -0.291504
-0.293241 -0.286015 0.199071
0.800123 0.508611 -0.239049
-0.304441 -0.156997 0.620843
0.416644 0.786719 0.179101
0.301925 0.63019 -0.68429
0.113877 0.816226 0.0740166
-0.176759 0.384621 -0.888673
-0.00966198 0.580222 0.35411
0.612717 0.290768 0.169714
0.0025669 -0.498015 0.549419
-0.239402 -0.722146 -0.573102
-0.569487 0.516081 0.63406
0.925508 -0.113252 -0.0382808
-0.237558 -0.148164 0.605843
-0.368535 0.312333 -0.733161
0.147932 -0.283958 -0.312819
-0.0446314 0.760569 0.198482
-0.595979 0.240054 0.331483
0.193195 0.0599382 0.112599
0.184719 0.164653 0.362532
-0.927445 -0.235839 0.155113
0.48759 -0.0989233 0.482902
-0.0417653 0.987984 0.0560428
0.847306 -0.266668 0.193836
-0.256706 -0.152012 -0.915087
0.0500253 -0.525286 0.565735
-0.62922 -0.0221359 0.193168
-0.0939718 -0.451133 -0.8288
-0.887829 0.143697 0.0787443
-0.263011 0.536376 0.398549
0.387887 0.32688 0.302197
0.798635 0.251615 0.211917
-0.70222 0.0956242 0.0927157
-0.100615 0.355784 -0.213609
-0.0608533 -0.454105 0.851638
0.868555 -0.0939284 0.453399
-0.397292 -0.120697 0.691928
0.782002 0.11191 -0.265795
0.00727927 -0.124502 -0.106768
0.22744 0.326751 -0.0846338
-0.400113 -0.130533 0.350192
0.437441 -0.375128 0.444469
0.0370652 0.579501 -0.281149
-0.124814 -0.449763 -0.350269
0.832621 -0.0520844 -0.191354
0.863508 -0.0903936 0.0469536
-0.739571 0.273901 -0.10866
0.39293 0.47954 -0.0516562
-0.388679 0.116895 0.581823
0.304093 -0.624242 0.0638419
0.629602 0.0819541 -0.126675
0.127201 -0.224465 -0.813085
0.552145 0.674362 -0.102862
0.303581 0.191608 0.225138
-0.780775 0.312807 0.00148732
-0.185067 0.292902 0.750359
0.323793 -0.533238 -0.319746
-0.545106 0.213387 -0.13391
-0.350465 -0.694507 -0.495137
0.273001 -0.769898 0.1075
-0.628388 0.547815 -0.260676
-0.0297865 0.870217 0.281683
0.151595 0.478507 0.358867
-0.210407 0.0974281 -0.296903
-0.606237 0.362156 0.629204
-0.4252 -0.28288 0.208687
0.418958 -0.48521 -0.118486
0.697245 -0.0735261 -0.117642
0.274532 0.100797 0.832694
-0.434769 0.1225 -0.806997
0.2519 -0.825292 -0.453994
-0.0813834 0.279525 0.68263
-0.170869 -0.478963 0.641625
-0.271575 0.254809 0.864851
0.0657198 0.861565 -0.169935
-0.0808735 -0.00736308 0.158098
-0.389493 0.423208 0.391789
-0.0418152 -0.309311 -0.730727
0.6841 -0.225162 -0.2435
0.187027 0.50874 -0.77147
-0.489833 0.356649 -0.184391
-0.479775 -0.0906158 -0.443031
0.807399 0.120146 -0.142339
0.583618 -0.0359429 -0.208417
0.90221 -0.18162 0.371102
0.168278 0.548855 -0.577516
0.224379 -0.153846 -0.134757
0.468273 0.104071 0.38652
0.548062 -0.0198469 0.188937
0.494174 -0.315685 0.315336
0.0908379 0.159467 0.704188
-0.379901 0.248043 -0.622189
-0.714486 -0.361169 0.584425
0.169167 -0.533238 0.640071
-0.580083 0.653735 0.285509
-0.265943 -0.39292 -0.533702
-0.733153 0.126318 0.338546
-0.148935 -0.183038 -0.44234
-0.648253 -0.471018 0.558707
-0.00372081 0.208605 0.212658
0.248181 0.872218 -0.090987
-0.595087 -0.464151 0.548419
0.239832 0.410653 -0.318188
-0.218923 0.55988 0.0960303
-0.185762 -0.904763 -0.199124
0.381518 -0.282009 -0.755216
0.32803 -0.0148243 0.00739991
-0.583688 0.491789 0.580328
-0.280922 -0.849961 -0.306711
0.737096 0.0349276 -0.0890877
-0.137399 -0.157516 -0.208384
-0.196876 0.244272 -0.441892
0.195954 0.69006 -0.219668
-0.523432 0.10246 -0.10674
-0.481051 0.294435 -0.0798898
0.89842 -0.0580979 -0.273497
0.483686 0.454314 -0.00353117
-0.0964775 0.0749097 0.777267
0.145725 0.596443 0.578677
-0.454971 0.0930383 -0.39402
0.547889 0.0374644 0.128124
-0.53837 -0.209012 0.797589
-0.576989 0.579724 0.425505
-0.135581 -0.549591 0.577802
-0.201462 -0.0615558 -0.00764961
0.320672 0.00338161 0.292002
-0.337618 -0.623619 0.532963
-0.0128122 0.1435 -0.00870588
0.6351 0.11927 -0.669138
0.335364 0.493987 0.739369
-0.453456 0.276531 -0.772056
0.571508 -0.189441 0.0905539
0.456799 -0.152159 -0.592495
0.88672 0.0166799 0.450162
0.243525 -0.0977909 -0.834048
0.675016 0.401652 0.241082
-0.046057 0.601572 0.134205
0.740858 -0.0733026 -0.349332
-0.75182 -0.366919 0.232615
0.148131 0.274471 0.396397
0.5742 -0.442278 -0.656175
-0.264041 -0.17732 -0.445784
0.219497 0.712936 -0.102282
-0.525275 0.0124847 0.0291028
-0.192159 0.253868 -0.240195
0.75098 0.522983 0.123273
-0.25915 -0.0283653 -0.679732
0.75395 0.342682 -0.102694
-0.332565 0.5828 0.167541
0.133601 -0.448096 -0.0908896
-0.274529 -0.758579 0.136775
0.588557 -0.287443 -0.127967
0.247521 -0.301894 0.272859
0.298475 -0.161862 -0.841381
0.38488 -0.171125 0.810364
-0.0201591 0.116858 -0.560459
-0.835133 0.533176 0.0849405
-0.856315 -0.326023 -0.364399
-0.017108 -0.0147356 -0.327543
-0.0319562 -0.69308 0.320012
0.140187 0.342429 -0.784533
0.818026 -0.308425 0.219836
0.0221308 0.635072 0.751729
-0.29186 -0.217228 0.893245
0.00155384 0.914978 -0.207355
0.304271 0.353854 -0.387621
0.0265407 0.736826 -0.619448
0.202534 -0.62446 0.138625
0.55452 -0.421064 -0.636976
0.297417 -0.328254 0.0363959
0.304532 0.182796 -0.248874
-0.174694 0.0191712 -0.0883768
-0.134221 -0.633093 0.0657341
-0.66882 0.41206 0.501285
-0.115803 -0.535097 0.546945
-0.164748 -0.418389 -0.526042
0.0779308 0.185924 0.308189
0.00601151 -0.320933 0.025405
-0.609241 -0.532567 0.211784
-0.245034 0.536583 0.0355552
-0.135303 -0.34811 -0.844613
0.284544 0.217173 0.483887
0.381102 0.257978 -0.633084
0.0981792 -0.350794 0.703871
-0.0144687 -0.378879 -0.617412
-0.432654 -0.00959292 0.72304
-0.356598 0.380476 0.22073
-0.351878 0.372142 -0.238897
0.0739435 -0.0932889 0.961616
-0.324742 0.819955 -0.142286
-0.815379 0.335901 0.0201514
0.225647 0.0435689 -0.282957
0.391167 -0.246321 -0.0553192
-0.0382829 -0.370203 0.254508
0.306125 -0.759389 -0.40014
-0.128541 -0.340478 0.733589
-0.844252 -0.124113 0.23676
-0.106263 0.399034 0.620396
0.440209 0.174086 0.165044
0.466927 0.57361 0.314212
-0.350958 0.0667551 -0.637306
-0.560963 0.204056 -0.398502
-0.311978 -0.22028 -0.0987441
-0.27937 -0.133207 0.730979
-0.683796 -0.0844717 0.314528
-0.154708 -0.538444 -0.250315
-0.588162 -0.0402142 -0.333511
-0.224348 -0.0145166 -0.321489
-0.743315 -0.204413 -0.624296
-0.487887 -0.841781 -0.187006
-0.547496 -0.611311 -0.378462
0.00390397 -0.135226 -0.376593
-0.831455 0.454103 -0.211563
-0.239785 -0.0655322 -0.0641939
-0.286841 -0.774845 0.403169
0.549021 0.315588 -0.114385
-0.487716 0.406814 0.301947
-0.206644 -0.326496 0.575541
0.273455 -0.476937 0.426622
-0.0647253 -0.280243 -0.807923
-0.424003 -0.71161 0.376418
0.386407 -0.360175 0.338823
0.78796 0.117295 0.296721
-0.0804774 -0.266618 0.219591
0.350807 -0.42053 -0.221456
0.557269 -0.419325 0.132361
0.413671 -0.142671 0.271169
-0.161463 -0.392244 -0.668977
0.341976 -0.265539 -0.27695
0.359706 -0.181273 0.7195
-0.255068 0.436238 0.565512
8.77072e-05 0.773086 0.370546
-0.251614 0.527147 0.571571
0.0987063 -0.766526 0.340143
0.194316 0.741259 -0.442241
0.223989 -0.172915 0.745886
0.37331 0.72955 0.14604
-0.165051 -0.750626 -0.484057
-0.0300805 -0.2182 -0.61583
0.216281 -0.454146 -0.577586
0.525167 -0.0616847 -0.0736369
-0.183466 -0.11517 -0.0899641
-0.748779 -0.281457 0.4382
0.751432 0.381657 0.131286
0.281735 0.45371 0.689373
-0.723485 -0.0516592 0.192475
-0.882879 0.417234 0.0645592
0.696509 0.580018 0.0851118
0.471437 -0.352834 -0.230029
-0.31091 0.11977 -0.637733
-0.0753727 0.0173085 -0.150538
-0.0259721 -0.440794 0.437362
0.0885531 -0.121049 0.293015
0.0768356 0.51408 0.805133
-0.305697 0.22901 0.0961783
-0.564248 0.181725 -0.355257
-0.676434 -0.10038 0.434175
-0.249755 -0.612788 -0.627006
0.188172 0.764346 0.292625
0.143473 -0.397661 -0.744303
-0.194506 -0.442151 0.339109
-0.32186 -0.433653 -0.472313
0.767222 -0.127169 -0.319041
-0.312442 -0.06371 0.811966
-0.141704 -0.483454 -0.25706
0.304111 -0.508632 0.45711
0.35744 0.901901 0.230381
0.953344 0.167478 -0.237497
0.248323 -0.319881 -0.203286
-0.694261 -0.170642 0.110728
0.072489 -0.481143 -0.800255
0.259313 -0.469368 -0.23669
0.427876 0.538372 -0.654634
0.417624 -0.698868 -0.455219
-0.0986434 0.0458971 -0.703107
0.724494 -0.159414 -0.231168
-0.318214 0.446685 0.622736
0.505607 -0.861788 -0.000832012
-0.339987 0.215194 0.722075
-0.00634568 -0.513287 -0.438256
-0.160135 0.120047 0.907347
-0.547798 0.414621 0.0970807
-0.0758763 0.230975 -0.946493
0.139508 0.208593 -0.439378
0.755864 -0.635964 -0.123237
-0.672673 -0.235863 0.513956
0.0658928 -0.589299 0.15768
-0.663509 0.134118 -0.203915
-0.145704 0.801588 -0.448384
0.372369 0.423024 -0.627786
0.288695 0.850691 -0.110083
-0.481942 -0.478572 -0.346547
-0.159652 0.515796 -0.830525
0.492139 0.272443 -0.0340653
0.351338 -0.542285 0.539529
0.303475 -0.0413519 0.282389
0.482954 -0.164758 0.438682
0.663431 -0.0165047 -0.367406
-0.401842 -0.176133 0.6387
0.537832 -0.29965 -0.556898
0.112913 -0.0714271 0.898396
0.11494 -0.206177 -0.963808
-0.461312 0.16181 0.00208403
-0.325629 -0.0195839 -0.578319
-0.257624 0.518219 -0.798206
0.488028 0.430396 0.552373
-0.113981 -0.822788 -0.331549
0.128551 -0.272445 -0.503183
0.0679598 -0.756188 -0.252881
-0.551932 0.281008 0.760793
-0.127421 0.970206 0.0804199
-0.540403 -0.381721 0.630121
0.581883 -0.647036 0.307671
-0.239385 -0.375908 0.626044
0.371321 0.784679 0.398824
0.595004 -0.564187 0.26381
-0.221206 0.650508 0.313635
0.142578 0.0926225 0.741386
0.151504 -0.753107 0.0635102
0.0174463 -0.691809 0.121687
0.495174 -0.0825061 0.624428
-0.0706033 -0.599184 -0.116483
-0.33306 0.112218 -0.131246
0.285559 0.617358 -0.704259
0.869925 0.133482 0.309187
0.0203995 -0.924958 0.0625961
0.331403 -0.807973 -0.347625
-0.465204 0.218357 0.114868
-0.344277 0.463114 -0.582946
0.537048 0.1875 -0.459332
-0.696023 0.416494 0.090883
-0.321422 0.66725 0.224037
0.594541 0.0565236 0.514072
0.443913 0.147555 0.838504
-0.545905 0.113337 0.826752
0.764183 0.342558 0.222569
0.480502 -0.726486 -0.347617
0.302557 -0.194638 -0.611636
-0.247137 0.0380705 -0.444102
0.646734 0.531203 -0.497061
0.576439 0.236925 0.565795
0.898186 0.205911 0.173506
0.367008 -0.121616 0.873533
-0.271235 -0.548738 -0.18649
-0.000108672 0.0223423 0.240199
0.703191 -0.0509421 -0.268466
-0.698276 0.139657 0.699945
-0.711103 -0.152921 0.200921
-0.323015 -0.0121353 -0.566287
0.128668 -0.0418173 0.65086
-0.837128 -0.365654 -0.152501
-0.32258 -0.383983 -0.263813
-0.29776 -0.484588 -0.269629
0.681242 -0.449386 0.31154
-0.424836 0.258872 0.184338
0.254699 -0.343371 0.61314
-0.0788379 -0.0898087 0.750973
0.751597 0.134663 0.480858
0.808593 0.419961 -0.12852
0.490684 0.714892 -0.0231854
0.0764597 0.709821 -0.000897
-0.824001 -0.41685 0.264903
0.000174717 -0.860712 -0.357579
-0.207485 0.355192 0.0470715
0.498811 0.0218753 0.226932
-0.615644 -0.633576 -0.0716803
0.666255 0.149877 -0.206574
-0.885497 -0.100479 -0.221344
-0.414061 -0.201226 0.310244
0.0135893 -0.223991 0.179349
-0.189827 -0.620957 0.465248
-0.0470088 -0.60023 -0.184253
-0.174655 0.477818 -0.841702
0.281727 0.669846 -0.0812211
0.552698 -0.181672 0.085806
-0.135976 -0.655452 -0.619991
0.234054 0.764048 0.457099
0.382541 -0.785421 0.370167
0.0638721 0.4177 -0.0517323
0.0769773 -0.152904 -0.440101
0.407069 0.00651081 -0.795728
0.0539898 -0.0909316 0.609312
0.295515 -0.303692 -0.368984
0.657726 0.643944 0.349339
0.468981 -0.179406 0.14279
0.240233 0.899947 0.265898
-0.460576 0.595639 -0.493287
0.223858 0.686804 -0.653065
-0.145986 0.487851 -0.747487
0.728799 -0.209874 -0.107235
-0.214099 -0.255746 -0.792422
0.16219 0.474312 -0.731373
0.405103 0.615263 -0.620763
-0.618342 0.523739 0.510218
0.399571 0.230111 0.258971
0.037152 0.177838 0.85788
-0.525884 0.469536 0.580934
-0.749086 0.139476 0.10311
0.454391 -0.230334 -0.501562
-0.349082 -0.0647447 0.739205
0.184483 0.296804 0.425736
0.199456 -0.574625 -0.393461
-0.0157292 -0.160768 0.449541
-0.33369 0.206352 -0.172644
0.780198 -0.119056 0.385265
-0.426612 -0.243394 0.588387
-0.461014 0.351862 0.0626013
0.188617 0.143677 -0.195995
-0.769677 0.443487 0.289279
-0.190018 -0.623239 -0.221624
0.711016 0.249159 0.276557
-0.187068 0.285088 -0.377942
-0.272594 -0.104088 0.189858
-0.197971 -0.63505 0.266483
-0.218938 0.352229 -0.45905
0.517395 -0.0334726 0.588913
-0.225811 0.180959 -0.16436
-0.677981 0.409411 0.502291
0.587666 -0.419159 0.0759139
-0.530431 0.296618 -0.641139
-0.214953 -0.459305 0.175008
0.037349 0.358396 0.469976
0.280462 0.330893 0.678956
0.407726 -0.142279 0.82574
0.165605 -0.688897 0.137597
0.459195 0.156294 0.465905
0.459914 -0.781606 -0.191377
-0.040692 -0.397859 -0.386382
0.0287995 -0.285539 0.875256
0.210249 0.386769 -0.876543
-0.654455 -0.612777 -0.0335405
0.324213 -0.376737 0.185162
-0.3876 -0.273811 -0.606315
0.550929 -0.6181 0.158286
0.287429 -0.485001 0.169262
-0.755047 0.385143 0.251709
0.593558 0.480596 -0.561512
0.169774 0.265225 -0.513274
-0.410579 -0.686948 0.38008
-0.592117 0.630408 0.432051
0.34081 0.894762 -0.204173
-0.272975 0.450561 0.413597
0.265799 -0.119075 0.425559
0.379627 0.127309 -0.368201
0.377557 -0.467154 -0.268474
0.277113 -0.143399 -0.0839281
0.871744 -0.38785 -0.0656294
-0.402436 0.366198 -0.406126
-0.000263827 0.50904 -0.218396
-0.317792 -0.425258 0.558545
0.712272 0.390747 -0.487764
0.590535 0.683187 -0.283721
0.0498782 -0.532601 -0.806992
0.208373 0.0129725 -0.574786
-0.228457 -0.466188 0.731374
0.143813 0.00195638 -0.942437
0.136207 0.250208 -0.256487
0.803856 0.100644 -0.0313147
-0.362353 0.536364 0.59503
-0.515636 -0.348857 0.737971
-0.0339479 -0.176737 0.348711
-0.296003 0.683664 -0.411724
-0.0930582 -0.645356 0.703718
-0.262651 0.853935 -0.406122
0.299794 -0.174687 0.275516
0.0425093 0.733291 -0.337181
0.286119 0.506176 0.773985
-0.711209 0.251114 -0.333596
0.205604 0.638326 0.0723719
-0.0844903 -0.282774 -0.0307575
-0.240671 0.468006 -0.818074
0.910269 0.205031 0.328614
-0.703124 -0.160063 -0.0224485
-0.25681 -0.232489 -0.3886
-0.272871 -0.263852 0.714036
0.0015749 0.325729 0.140942
-0.833118 0.08381 0.226369
-0.0769508 -0.58945 -0.574824
0.335346 -0.0740059 -0.751799
0.520031 -0.641173 -0.0737853
-0.0624618 0.262156 -0.545646
-0.503149 0.0532034 0.391833
-0.295904 -0.312669 -0.230399
0.219876 0.899196 -0.374913
0.880193 -0.150155 0.206892
-0.282031 -0.76872 0.254827
-0.39088 0.373139 0.505697
0.00567652 -0.360087 -0.307568
0.647784 0.137642 -0.181443
-0.218982 -0.328361 -0.682193
0.50489 -0.224987 -0.267906
-0.0757724 -0.311311 0.378334
0.772433 0.257214 -0.479779
0.889533 0.178381 -0.290268
-0.658114 -0.221749 -0.195922
0.187754 -0.0750527 -0.579979
0.130889 -0.192548 -0.0398209
0.261929 0.76788 0.42273
-0.504406 -0.489295 -0.267688
-0.185683 -0.841028 0.0165804
0.119081 0.421246 0.487062
0.257261 0.26038 0.1338
0.247383 0.538861 0.49825
0.690175 0.346276 0.0693917
-0.210727 -0.178286 -0.892446
-0.599412 0.490757 0.220604
-0.661295 -0.341658 -0.0257343
-0.00244341 0.075643 -0.994015
-0.224571 0.866981 -0.440732
-0.327387 -0.423753 0.616576
0.304471 0.64137 -0.637733
-0.0879999 0.0384717 -0.63763
0.409387 -0.481332 0.45813
0.738302 0.0481514 -0.306111
0.777894 0.256966 -0.21831
-0.0512068 -0.906699 -0.0652595
-0.643087 -0.0263519 0.676243
0.177957 -0.17199 -0.590432
0.108283 0.287683 -0.0565603
0.202821 -0.607894 -0.0707329
-0.0444093 0.379983 -0.490411
0.435955 0.666198 -0.446133
-0.057632 0.372442 0.0298873
-0.722439 0.62127 -0.0153224
-0.610138 -0.0999857 -0.494995
0.768415 0.0365685 0.307568
-0.0868688 -0.0984879 0.283777
-0.537585 0.6637 -0.180362
0.452602 -0.310865 0.463109
-0.0839088 0.303296 -0.941873
0.0565759 -0.132566 0.419813
0.0600904 -0.70418 -0.360666
0.450401 0.230064 0.759713
-0.386091 0.701805 0.278787
-0.754476 0.178718 0.399758
-0.118438 -0.131821 -0.614784
0.361913 0.544141 -0.208516
0.197706 0.247558 -0.427667
-0.0557716 -0.229416 0.932879
-0.485591 0.498555 -0.557758
0.361705 -0.501493 -0.282452
-0.262199 0.389253 0.19714
0.744505 -0.205569 -0.486293
0.826869 0.0634723 -0.337456
-0.78752 -0.00833471 -0.149825
-0.652277 0.0826068 0.514934
-0.275101 0.0477327 -0.43566
0.665232 -0.143948 0.590631
-0.721964 0.356078 -0.237437
0.172795 0.320401 -0.707807
-0.175351 0.609787 -0.240836
-0.392746 -0.804075 0.248089
-0.57399 0.129285 -0.606697
-0.73159 -0.489247 -0.474692
0.269199 -0.147126 -0.0718975
-0.452811 -0.0236118 -0.759717
0.545832 0.486239 0.0499199
0.485455 0.0721204 0.496064
0.0868117 -0.165885 -0.502204
-0.301427 0.202261 -0.460166
0.754794 0.240143 0.0989913
-0.0975102 -0.151648 -0.893
-0.756359 0.127951 -0.163447
-0.619976 -0.421165 0.499448
-0.202486 -0.428518 0.34899
-0.251059 -0.339808 0.0734138
0.348576 0.344238 -0.41706
0.191315 -0.170591 0.854364
0.164177 0.65446 -0.611159
-0.49226 -0.794841 -0.0125038
0.667598 0.245635 -0.165779
-0.265406 0.845496 0.284524
0.17058 -0.263854 0.300119
0.763343 0.00514565 -0.317194
0.372592 -0.514143 -0.0544749
0.587031 0.552271 -0.46348
0.306719 -0.647797 0.0152782
-0.52425 0.258471 -0.152522
-0.0792054 0.722961 -0.174363
-0.487021 0.438694 -0.594997
0.0753669 -0.910247 0.125271
0.567119 0.18636 0.406577
0.650449 -0.329958 -0.495005
0.486572 0.160899 -0.0262827
0.931287 -0.0998225 -0.303557
0.482412 -0.326394 -0.258929
0.210765 0.57255 0.337873
0.647207 -0.166402 0.067532
-0.495566 0.130898 0.847858
0.0152854 -0.705709 0.0270322
0.397676 -0.0882577 -0.0557791
0.118682 -0.535518 -0.0345658
0.126307 -0.411202 0.834506
0.807344 0.133662 0.301042
0.733269 0.630163 -0.0534059
0.46151 0.846708 0.184095
0.34338 -0.465845 0.15096
0.671035 0.268198 -0.490611
-0.546028 -0.760946 0.178614
0.402337 -0.811841 -0.286786
-0.138329 0.62006 -0.209089
-0.264247 0.427645 0.324688
0.203376 -0.437845 0.107596
0.695986 -0.0196509 -0.712619
0.218316 -0.403567 0.395246
-0.259004 -0.0644688 -0.875693
0.056981 0.212806 -0.723915
0.628153 0.336238 -0.217463
0.607925 0.148729 0.00863253
0.145542 -0.104496 0.0829186
-0.474071 -0.188954 0.112237
-0.331201 0.787642 0.114872
0.77402 -0.530874 0.0602969
0.540845 0.473798 0.423899
0.872272 0.276519 -0.275302
0.74166 0.41021 -0.509488
-0.721681 -0.291283 0.563134
-0.711049 -0.303905 0.0263357
-0.559716 0.526269 -0.323285
-0.0777465 0.0757487 -0.0293451
0.152919 -0.215058 -0.0788912
0.309796 -0.356355 0.194958
0.288772 0.289259 -0.330434
-0.404025 -0.413443 -0.633678
-0.434191 -0.0671168 0.389141
-0.314003 0.130138 -0.134719
0.398699 -0.688881 0.321326
-0.0269342 0.0860083 0.959971
-0.48226 -0.507339 0.186929
0.290488 -0.634756 -0.305486
0.714251 -0.296968 0.316084
-0.19118 0.00483932 0.819737
-0.562077 0.346518 -0.21512
-0.419126 0.605247 0.168678
0.24921 -0.265587 0.519723
-0.301937 0.259226 -0.571327
-0.565323 0.428528 -0.130788
0.787959 -0.163996 -0.112296
0.521822 -0.614768 0.167683
-0.619125 -0.202516 -0.629608
-0.503961 0.182568 -0.0724508
-0.0453753 0.536931 -0.767558
0.307837 -0.185191 -0.168318
0.0868409 -0.607708 -0.736023
0.656047 -0.263239 -0.0875732
-0.5524 -0.410071 0.147142
-0.199167 -0.758722 0.0754331
0.09599 -0.43803 -0.514574
-0.880873 -0.14034 -0.0480421
-0.578723 0.431947 0.532669
0.657504 -0.268963 -0.401987
0.389808 -0.516156 -0.739656
-0.478049 -0.634104 0.230396
-0.193821 -0.918925 0.0249824
-0.649788 0.222798 -0.102101
-0.337429 0.373255 -0.777279
-0.638133 -0.352659 -0.383272
-0.332481 0.793207 -0.311293
0.799249 0.283003 0.178162
-0.604391 -0.584285 0.420524
-0.259696 -0.681701 -0.4158
-0.252969 0.954585 0.0915872
0.589262 0.587916 0.510685
0.00470582 -0.701446 -0.384687
-0.619695 -0.121034 -0.252583
-0.165818 -0.769714 0.361678
-0.435482 0.639056 0.325747
0.673584 0.460977 0.18211
-0.0892945 -0.637053 0.0455757
-0.223912 0.0102414 -0.386296
0.388224 -0.108182 -0.605563
-0.448718 0.329874 -0.529206
-0.0858809 0.786768 0.246657
0.349646 -0.864439 0.0770359
0.428071 0.639527 0.06535
0.506817 -0.129254 -0.648589
-0.92036 -0.156996 0.353168
0.7672 -0.106416 -0.456391
-0.597613 -0.525284 0.551243
0.680966 -0.160352 0.359914
-0.802737 0.361655 0.0688279
-0.276636 0.677352 0.170099
-0.243535 -0.862603 0.396951
-0.183152 0.770513 0.396675
-0.00307707 0.0609838 0.781108
0.351173 0.20668 0.607845
-0.982327 0.120387 0.128876
-0.684538 0.538542 -0.0604769
-0.820479 -0.542661 0.0648008
-0.355434 0.739928 -0.166254
0.219718 0.16329 -0.225589
-0.0589215 -0.365542 -0.488157
-0.440056 -0.503802 -0.625365
0.543648 0.568019 -0.471093
0.00284929 -0.647376 0.393109
0.563445 0.285643 -0.136521
0.500511 -0.329371 0.369415
-0.446563 0.0550634 0.384551
0.0586678 -0.356875 -0.126741
0.10439 -0.271511 0.806883
0.511902 -0.220821 0.475464
-0.8819 0.407142 0.0626637
0.716858 0.161208 -0.55987
0.398365 -0.580828 0.609922
0.542202 0.288419 -0.441341
-0.37052 0.619176 -0.105612
0.389489 0.759501 0.461127
0.216364 -0.711329 -0.151184
-0.0702468 0.424467 0.282311
0.444645 -0.212466 -0.654105
-0.274191 0.614521 -0.629594
-0.10535 -0.205406 -0.281083
-0.408447 -0.384837 -0.0702044
0.683271 -0.298843 -0.3881
0.408376 -0.226261 -0.423297
-0.439158 -0.0510894 0.743155
