0 1
0.02 1
0.04 0.999605
0.06 0.998818
0.08 0.997645
0.1 0.996089
0.12 0.994155
0.14 0.991847
0.16 0.989171
0.18 0.98613
0.2 0.982729
0.22 0.978975
0.24 0.974871
0.26 0.970423
0.28 0.965637
0.3 0.960517
0.32 0.955068
0.34 0.949298
0.36 0.94321
0.38 0.936811
0.4 0.930107
0.42 0.923103
0.44 0.915805
0.46 0.908219
0.48 0.900351
0.5 0.892208
0.52 0.883795
0.54 0.875118
0.56 0.866184
0.58 0.856999
0.6 0.847569
0.62 0.837901
0.64 0.828
0.66 0.817874
0.68 0.807529
0.7 0.796971
0.72 0.786206
0.74 0.775242
0.76 0.764085
0.78 0.75274
0.8 0.741216
0.82 0.729518
0.84 0.717653
0.86 0.705627
0.88 0.693447
0.9 0.68112
0.92 0.668652
0.94 0.65605
0.96 0.64332
0.98 0.630468
1 0.617502
1.02 0.604427
1.04 0.591251
1.06 0.577979
1.08 0.564618
1.1 0.551175
1.12 0.537655
1.14 0.524065
1.16 0.510411
1.18 0.4967
1.2 0.482938
1.22 0.469131
1.24 0.455284
1.26 0.441404
1.28 0.427498
1.3 0.41357
1.32 0.399628
1.34 0.385676
1.36 0.37172
1.38 0.357767
1.4 0.343821
1.42 0.329889
1.44 0.315976
1.46 0.302088
1.48 0.288229
1.5 0.274406
1.52 0.260623
1.54 0.246885
1.56 0.233199
1.58 0.219568
1.6 0.205998
1.62 0.192493
1.64 0.179059
1.66 0.1657
1.68 0.152421
1.7 0.139226
1.72 0.126119
1.74 0.113106
1.76 0.10019
1.78 0.0873758
1.8 0.0746671
1.82 0.0620681
1.84 0.0495828
1.86 0.0372148
1.88 0.0249681
1.9 0.0128462
1.92 0.00085271
1.94 -0.0110089
1.96 -0.0227353
1.98 -0.0343233
2 -0.0457695
2.02 -0.057071
2.04 -0.0682248
2.06 -0.0792279
2.08 -0.0900776
2.1 -0.100771
2.12 -0.111306
2.14 -0.12168
2.16 -0.13189
2.18 -0.141934
2.2 -0.15181
2.22 -0.161516
2.24 -0.17105
2.26 -0.180409
2.28 -0.189592
2.3 -0.198598
2.32 -0.207425
2.34 -0.21607
2.36 -0.224533
2.38 -0.232813
2.4 -0.240907
2.42 -0.248816
2.44 -0.256538
2.46 -0.264071
2.48 -0.271415
2.5 -0.27857
2.52 -0.285534
2.54 -0.292308
2.56 -0.298889
2.58 -0.305279
2.6 -0.311476
2.62 -0.317481
2.64 -0.323293
2.66 -0.328912
2.68 -0.334339
2.7 -0.339573
2.72 -0.344614
2.74 -0.349463
2.76 -0.35412
2.78 -0.358586
2.8 -0.36286
2.82 -0.366944
2.84 -0.370838
2.86 -0.374544
2.88 -0.37806
2.9 -0.38139
2.92 -0.384533
2.94 -0.38749
2.96 -0.390263
2.98 -0.392853
3 -0.395261
3.02 -0.397488
3.04 -0.399535
3.06 -0.401405
3.08 -0.403098
3.1 -0.404616
3.12 -0.40596
3.14 -0.407133
3.16 -0.408135
3.18 -0.408969
3.2 -0.409637
3.22 -0.410139
3.24 -0.410479
3.26 -0.410658
3.28 -0.410678
3.3 -0.410542
3.32 -0.41025
3.34 -0.409806
3.36 -0.409211
3.38 -0.408468
3.4 -0.407579
3.42 -0.406546
3.44 -0.405372
3.46 -0.404058
3.48 -0.402608
3.5 -0.401024
3.52 -0.399307
3.54 -0.397461
3.56 -0.395489
3.58 -0.393391
3.6 -0.391172
3.62 -0.388834
3.64 -0.386379
3.66 -0.383809
3.68 -0.381128
3.7 -0.378338
3.72 -0.375442
3.74 -0.372442
3.76 -0.369341
3.78 -0.366142
3.8 -0.362847
3.82 -0.35946
3.84 -0.355982
3.86 -0.352416
3.88 -0.348766
3.9 -0.345033
3.92 -0.341221
3.94 -0.337333
3.96 -0.33337
3.98 -0.329336
4 -0.325233
4.02 -0.321065
4.04 -0.316833
4.06 -0.31254
4.08 -0.30819
4.1 -0.303784
4.12 -0.299326
4.14 -0.294817
4.16 -0.290262
4.18 -0.285661
4.2 -0.281018
4.22 -0.276335
4.24 -0.271615
4.26 -0.266861
4.28 -0.262074
4.3 -0.257258
4.32 -0.252415
4.34 -0.247547
4.36 -0.242656
4.38 -0.237745
4.4 -0.232817
4.42 -0.227874
4.44 -0.222918
4.46 -0.217951
4.48 -0.212975
4.5 -0.207993
4.52 -0.203007
4.54 -0.19802
4.56 -0.193032
4.58 -0.188047
4.6 -0.183066
4.62 -0.178092
4.64 -0.173126
4.66 -0.16817
4.68 -0.163227
4.7 -0.158298
4.72 -0.153384
4.74 -0.148489
4.76 -0.143613
4.78 -0.138758
4.8 -0.133927
4.82 -0.12912
4.84 -0.124339
4.86 -0.119586
4.88 -0.114863
4.9 -0.11017
4.92 -0.10551
4.94 -0.100884
4.96 -0.0962925
4.98 -0.0917378
5 -0.0872208
5.02 -0.0827429
5.04 -0.0783053
5.06 -0.0739091
5.08 -0.0695555
5.1 -0.0652456
5.12 -0.0609805
5.14 -0.0567611
5.16 -0.0525884
5.18 -0.0484635
5.2 -0.044387
5.22 -0.04036
5.24 -0.0363833
5.26 -0.0324575
5.28 -0.0285835
5.3 -0.0247619
5.32 -0.0209934
5.34 -0.0172786
5.36 -0.013618
5.38 -0.0100123
5.4 -0.00646188
5.42 -0.00296722
5.44 0.000471236
5.46 0.00385312
5.48 0.00717808
5.5 0.0104458
5.52 0.013656
5.54 0.0168085
5.56 0.019903
5.58 0.0229394
5.6 0.0259176
5.62 0.0288374
5.64 0.0316987
5.66 0.0345017
5.68 0.0372462
5.7 0.0399322
5.72 0.04256
5.74 0.0451294
5.76 0.0476408
5.78 0.0500941
5.8 0.0524897
5.82 0.0548277
5.84 0.0571084
5.86 0.059332
5.88 0.0614989
5.9 0.0636093
5.92 0.0656636
5.94 0.0676622
5.96 0.0696056
5.98 0.071494
6 0.0733279
6.02 0.0751079
6.04 0.0768344
6.06 0.0785079
6.08 0.080129
6.1 0.0816982
6.12 0.0832161
6.14 0.0846832
6.16 0.0861002
6.18 0.0874678
6.2 0.0887864
6.22 0.0900569
6.24 0.0912798
6.26 0.0924558
6.28 0.0935858
6.3 0.0946703
6.32 0.09571
6.34 0.0967058
6.36 0.0976584
6.38 0.0985684
6.4 0.0994368
6.42 0.100264
6.44 0.101052
6.46 0.101799
6.48 0.102509
6.5 0.10318
6.52 0.103815
6.54 0.104413
6.56 0.104976
6.58 0.105505
6.6 0.106
6.62 0.106462
6.64 0.106892
6.66 0.107291
6.68 0.107659
6.7 0.107998
6.72 0.108308
6.74 0.10859
6.76 0.108845
6.78 0.109073
6.8 0.109276
6.82 0.109455
6.84 0.109609
6.86 0.109741
6.88 0.10985
6.9 0.109938
6.92 0.110005
6.94 0.110052
6.96 0.11008
6.98 0.110089
7 0.110081
7.02 0.110056
7.04 0.110014
7.06 0.109957
7.08 0.109885
7.1 0.109799
7.12 0.1097
7.14 0.109588
7.16 0.109464
7.18 0.109328
7.2 0.109182
7.22 0.109025
7.24 0.108859
7.26 0.108684
7.28 0.1085
7.3 0.108309
7.32 0.10811
7.34 0.107904
7.36 0.107693
7.38 0.107475
7.4 0.107252
7.42 0.107025
7.44 0.106793
7.46 0.106557
7.48 0.106318
7.5 0.106075
7.52 0.10583
7.54 0.105583
7.56 0.105334
7.58 0.105083
7.6 0.104831
7.62 0.104577
7.64 0.104324
7.66 0.104069
7.68 0.103815
7.7 0.10356
7.72 0.103306
7.74 0.103052
7.76 0.102799
7.78 0.102546
7.8 0.102295
7.82 0.102045
7.84 0.101795
7.86 0.101547
7.88 0.101301
7.9 0.101056
7.92 0.100812
7.94 0.100569
7.96 0.100329
7.98 0.100089
8 0.0998513
8.02 0.0996148
8.04 0.0993796
8.06 0.0991456
8.08 0.0989129
8.1 0.0986813
8.12 0.0984506
8.14 0.0982207
8.16 0.0979916
8.18 0.097763
8.2 0.0975347
8.22 0.0973065
8.24 0.0970784
8.26 0.09685
8.28 0.0966211
8.3 0.0963914
8.32 0.0961608
8.34 0.095929
8.36 0.0956956
8.38 0.0954605
8.4 0.0952232
8.42 0.0949835
8.44 0.0947411
8.46 0.0944956
8.48 0.0942468
8.5 0.0939942
8.52 0.0937375
8.54 0.0934764
8.56 0.0932104
8.58 0.0929392
8.6 0.0926625
8.62 0.0923797
8.64 0.0920906
8.66 0.0917947
8.68 0.0914917
8.7 0.091181
8.72 0.0908624
8.74 0.0905353
8.76 0.0901993
8.78 0.0898541
8.8 0.0894992
8.82 0.0891342
8.84 0.0887585
8.86 0.0883719
8.88 0.0879738
8.9 0.0875639
8.92 0.0871417
8.94 0.0867067
8.96 0.0862586
8.98 0.0857968
9 0.0853211
9.02 0.0848308
9.04 0.0843257
9.06 0.0838053
9.08 0.0832692
9.1 0.082717
9.12 0.0821482
9.14 0.0815625
9.16 0.0809595
9.18 0.0803387
9.2 0.0796998
9.22 0.0790425
9.24 0.0783663
9.26 0.0776708
9.28 0.0769558
9.3 0.0762209
9.32 0.0754657
9.34 0.0746899
9.36 0.0738932
9.38 0.0730752
9.4 0.0722358
9.42 0.0713745
9.44 0.0704912
9.46 0.0695854
9.48 0.0686571
9.5 0.0677059
9.52 0.0667316
9.54 0.065734
9.56 0.0647129
9.58 0.0636681
9.6 0.0625994
9.62 0.0615066
9.64 0.0603896
9.66 0.0592483
9.68 0.0580825
9.7 0.0568921
9.72 0.0556771
9.74 0.0544373
9.76 0.0531726
9.78 0.0518831
9.8 0.0505688
9.82 0.0492295
9.84 0.0478652
9.86 0.0464761
9.88 0.0450622
9.9 0.0436234
9.92 0.0421598
9.94 0.0406716
9.96 0.0391588
9.98 0.0376216
10 0.0360601
10.02 0.0344743
10.04 0.0328646
10.06 0.0312311
10.08 0.029574
10.1 0.0278935
10.12 0.0261898
10.14 0.0244632
10.16 0.022714
10.18 0.0209425
10.2 0.019149
10.22 0.0173337
10.24 0.0154972
10.26 0.0136396
10.28 0.0117613
10.3 0.00986291
10.32 0.00794467
10.34 0.00600703
10.36 0.00405046
10.38 0.00207541
10.4 8.23658e-05
10.42 -0.00192819
10.44 -0.00395573
10.46 -0.00599974
10.48 -0.00805967
10.5 -0.010135
10.52 -0.012225
10.54 -0.0143293
10.56 -0.0164472
10.58 -0.018578
10.6 -0.0207212
10.62 -0.022876
10.64 -0.0250419
10.66 -0.0272181
10.68 -0.029404
10.7 -0.0315988
10.72 -0.0338018
10.74 -0.0360124
10.76 -0.0382297
10.78 -0.0404529
10.8 -0.0426815
10.82 -0.0449144
10.84 -0.047151
10.86 -0.0493905
10.88 -0.051632
10.9 -0.0538748
10.92 -0.0561179
10.94 -0.0583606
10.96 -0.060602
10.98 -0.0628412
11 -0.0650774
11.02 -0.0673097
11.04 -0.0695372
11.06 -0.071759
11.08 -0.0739743
11.1 -0.0761821
11.12 -0.0783815
11.14 -0.0805717
11.16 -0.0827516
11.18 -0.0849204
11.2 -0.0870771
11.22 -0.0892209
11.24 -0.0913507
11.26 -0.0934657
11.28 -0.0955649
11.3 -0.0976474
11.32 -0.0997122
11.34 -0.101758
11.36 -0.103785
11.38 -0.105791
11.4 -0.107776
11.42 -0.109738
11.44 -0.111678
11.46 -0.113592
11.48 -0.115482
11.5 -0.117346
11.52 -0.119182
11.54 -0.120991
11.56 -0.122771
11.58 -0.124521
11.6 -0.126241
11.62 -0.127929
11.64 -0.129584
11.66 -0.131206
11.68 -0.132794
11.7 -0.134347
11.72 -0.135864
11.74 -0.137344
11.76 -0.138787
11.78 -0.140191
11.8 -0.141556
11.82 -0.142881
11.84 -0.144165
11.86 -0.145407
11.88 -0.146607
11.9 -0.147764
11.92 -0.148877
11.94 -0.149945
11.96 -0.150968
11.98 -0.151945
12 -0.152875
12.02 -0.153757
12.04 -0.154592
12.06 -0.155378
12.08 -0.156114
12.1 -0.1568
12.12 -0.157436
12.14 -0.158021
12.16 -0.158554
12.18 -0.159035
12.2 -0.159464
12.22 -0.159839
12.24 -0.16016
12.26 -0.160427
12.28 -0.16064
12.3 -0.160798
12.32 -0.1609
12.34 -0.160947
12.36 -0.160937
12.38 -0.160871
12.4 -0.160748
12.42 -0.160569
12.44 -0.160332
12.46 -0.160037
12.48 -0.159685
12.5 -0.159274
12.52 -0.158806
12.54 -0.158279
12.56 -0.157694
12.58 -0.157051
12.6 -0.156349
12.62 -0.155588
12.64 -0.154769
12.66 -0.153891
12.68 -0.152955
12.7 -0.15196
12.72 -0.150906
12.74 -0.149794
12.76 -0.148624
12.78 -0.147396
12.8 -0.14611
12.82 -0.144766
12.84 -0.143364
12.86 -0.141906
12.88 -0.14039
12.9 -0.138818
12.92 -0.137189
12.94 -0.135504
12.96 -0.133764
12.98 -0.131969
13 -0.130118
13.02 -0.128214
13.04 -0.126255
13.06 -0.124243
13.08 -0.122179
13.1 -0.120062
13.12 -0.117893
13.14 -0.115673
13.16 -0.113403
13.18 -0.111083
13.2 -0.108714
13.22 -0.106296
13.24 -0.10383
13.26 -0.101318
13.28 -0.0987592
13.3 -0.096155
13.32 -0.0935062
13.34 -0.0908136
13.36 -0.088078
13.38 -0.0853003
13.4 -0.0824815
13.42 -0.0796224
13.44 -0.0767239
13.46 -0.0737871
13.48 -0.0708129
13.5 -0.0678023
13.52 -0.0647564
13.54 -0.061676
13.56 -0.0585625
13.58 -0.0554167
13.6 -0.0522397
13.62 -0.0490328
13.64 -0.045797
13.66 -0.0425335
13.68 -0.0392433
13.7 -0.0359278
13.72 -0.032588
13.74 -0.0292252
13.76 -0.0258406
13.78 -0.0224355
13.8 -0.019011
13.82 -0.0155684
13.84 -0.0121091
13.86 -0.0086342
13.88 -0.0051451
13.9 -0.00164308
13.92 0.00187055
13.94 0.00539447
13.96 0.00892734
13.98 0.0124678
14 0.0160146
14.02 0.0195662
14.04 0.0231214
14.06 0.0266788
14.08 0.0302369
14.1 0.0337945
14.12 0.0373501
14.14 0.0409024
14.16 0.0444499
14.18 0.0479912
14.2 0.0515251
14.22 0.0550499
14.24 0.0585644
14.26 0.0620672
14.28 0.0655568
14.3 0.0690319
14.32 0.072491
14.34 0.0759328
14.36 0.0793558
14.38 0.0827587
14.4 0.08614
14.42 0.0894984
14.44 0.0928326
14.46 0.0961411
14.48 0.0994225
14.5 0.102676
14.52 0.105899
14.54 0.109091
14.56 0.112251
14.58 0.115377
14.6 0.118468
14.62 0.121522
14.64 0.124539
14.66 0.127517
14.68 0.130454
14.7 0.13335
14.72 0.136204
14.74 0.139013
14.76 0.141777
14.78 0.144495
14.8 0.147165
14.82 0.149786
14.84 0.152357
14.86 0.154877
14.88 0.157345
14.9 0.15976
14.92 0.16212
14.94 0.164424
14.96 0.166672
14.98 0.168863
15 0.170995
15.02 0.173067
15.04 0.175079
15.06 0.177029
15.08 0.178917
15.1 0.180742
15.12 0.182502
15.14 0.184197
15.16 0.185827
15.18 0.187389
15.2 0.188885
15.22 0.190312
15.24 0.19167
15.26 0.192958
15.28 0.194177
15.3 0.195324
15.32 0.196399
15.34 0.197403
15.36 0.198333
15.38 0.199191
15.4 0.199974
15.42 0.200683
15.44 0.201318
15.46 0.201877
15.48 0.20236
15.5 0.202768
15.52 0.2031
15.54 0.203354
15.56 0.203532
15.58 0.203633
15.6 0.203657
15.62 0.203603
15.64 0.203471
15.66 0.203262
15.68 0.202974
15.7 0.202609
15.72 0.202166
15.74 0.201644
15.76 0.201045
15.78 0.200368
15.8 0.199613
15.82 0.198781
15.84 0.197871
15.86 0.196883
15.88 0.195819
15.9 0.194678
15.92 0.19346
15.94 0.192166
15.96 0.190796
15.98 0.189351
16 0.18783
16.02 0.186235
16.04 0.184566
16.06 0.182823
16.08 0.181006
16.1 0.179118
16.12 0.177157
16.14 0.175125
16.16 0.173022
16.18 0.170849
16.2 0.168607
16.22 0.166297
16.24 0.163918
16.26 0.161473
16.28 0.158961
16.3 0.156385
16.32 0.153743
16.34 0.151039
16.36 0.148271
16.38 0.145442
16.4 0.142553
16.42 0.139604
16.44 0.136596
16.46 0.133531
16.48 0.13041
16.5 0.127234
16.52 0.124003
16.54 0.120719
16.56 0.117384
16.58 0.113999
16.6 0.110564
16.62 0.107081
16.64 0.103551
16.66 0.0999758
16.68 0.0963566
16.7 0.0926948
16.72 0.0889915
16.74 0.0852482
16.76 0.0814664
16.78 0.0776474
16.8 0.0737927
16.82 0.0699037
16.84 0.0659819
16.86 0.0620288
16.88 0.0580459
16.9 0.0540347
16.92 0.0499968
16.94 0.0459336
16.96 0.0418467
16.98 0.0377378
17 0.0336083
17.02 0.02946
17.04 0.0252942
17.06 0.0211128
17.08 0.0169173
17.1 0.0127093
17.12 0.00849053
17.14 0.00426253
17.16 2.69996e-05
17.18 -0.00421442
17.2 -0.00846006
17.22 -0.0127083
17.24 -0.0169574
17.26 -0.0212057
17.28 -0.0254516
17.3 -0.0296933
17.32 -0.0339293
17.34 -0.0381577
17.36 -0.0423771
17.38 -0.0465856
17.4 -0.0507816
17.42 -0.0549634
17.44 -0.0591294
17.46 -0.0632779
17.48 -0.0674073
17.5 -0.0715159
17.52 -0.075602
17.54 -0.079664
17.56 -0.0837003
17.58 -0.0877092
17.6 -0.0916891
17.62 -0.0956385
17.64 -0.0995557
17.66 -0.103439
17.68 -0.107287
17.7 -0.111098
17.72 -0.114871
17.74 -0.118604
17.76 -0.122295
17.78 -0.125943
17.8 -0.129547
17.82 -0.133105
17.84 -0.136615
17.86 -0.140076
17.88 -0.143487
17.9 -0.146847
17.92 -0.150153
17.94 -0.153404
17.96 -0.1566
17.98 -0.159739
18 -0.162819
18.02 -0.165839
18.04 -0.168798
18.06 -0.171695
18.08 -0.174529
18.1 -0.177298
18.12 -0.18
18.14 -0.182636
18.16 -0.185204
18.18 -0.187702
18.2 -0.190131
18.22 -0.192487
18.24 -0.194772
18.26 -0.196983
18.28 -0.199119
18.3 -0.201181
18.32 -0.203166
18.34 -0.205075
18.36 -0.206905
18.38 -0.208657
18.4 -0.210329
18.42 -0.211921
18.44 -0.213432
18.46 -0.214862
18.48 -0.216209
18.5 -0.217474
18.52 -0.218654
18.54 -0.219751
18.56 -0.220764
18.58 -0.221691
18.6 -0.222532
18.62 -0.223288
18.64 -0.223957
18.66 -0.22454
18.68 -0.225036
18.7 -0.225444
18.72 -0.225765
18.74 -0.225998
18.76 -0.226143
18.78 -0.226199
18.8 -0.226168
18.82 -0.226048
18.84 -0.22584
18.86 -0.225544
18.88 -0.225159
18.9 -0.224685
18.92 -0.224124
18.94 -0.223475
18.96 -0.222737
18.98 -0.221912
19 -0.221
19.02 -0.22
19.04 -0.218914
19.06 -0.21774
19.08 -0.216481
19.1 -0.215136
19.12 -0.213706
19.14 -0.212191
19.16 -0.210591
19.18 -0.208908
19.2 -0.207142
19.22 -0.205293
19.24 -0.203362
19.26 -0.20135
19.28 -0.199258
19.3 -0.197086
19.32 -0.194834
19.34 -0.192505
19.36 -0.190098
19.38 -0.187615
19.4 -0.185057
19.42 -0.182424
19.44 -0.179717
19.46 -0.176938
19.48 -0.174087
19.5 -0.171166
19.52 -0.168175
19.54 -0.165116
19.56 -0.16199
19.58 -0.158798
19.6 -0.155541
19.62 -0.152221
19.64 -0.148839
19.66 -0.145395
19.68 -0.141892
19.7 -0.13833
19.72 -0.134712
19.74 -0.131038
19.76 -0.12731
19.78 -0.123529
19.8 -0.119696
19.82 -0.115814
19.84 -0.111884
19.86 -0.107907
19.88 -0.103884
19.9 -0.0998179
19.92 -0.0957095
19.94 -0.0915605
19.96 -0.0873725
19.98 -0.0831473
