-10 -10 380
-10 -9.5 363.25
-10 -9 347
-10 -8.5 331.25
-10 -8 316
-10 -7.5 301.25
-10 -7 287
-10 -6.5 273.25
-10 -6 260
-10 -5.5 247.25
-10 -5 235
-10 -4.5 223.25
-10 -4 212
-10 -3.5 201.25
-10 -3 191
-10 -2.5 181.25
-10 -2 172
-10 -1.5 163.25
-10 -1 155
-10 -0.5 147.25
-10 0 140
-10 0.5 133.25
-10 1 127
-10 1.5 121.25
-10 2 116
-10 2.5 111.25
-10 3 107
-10 3.5 103.25
-10 4 100
-10 4.5 97.25
-10 5 95
-10 5.5 93.25
-10 6 92
-10 6.5 91.25
-10 7 91
-10 7.5 91.25
-10 8 92
-10 8.5 93.25
-10 9 95
-10 9.5 97.25
-10 10 100
-9.5 -10 363.25
-9.5 -9.5 346.75
-9.5 -9 330.75
-9.5 -8.5 315.25
-9.5 -8 300.25
-9.5 -7.5 285.75
-9.5 -7 271.75
-9.5 -6.5 258.25
-9.5 -6 245.25
-9.5 -5.5 232.75
-9.5 -5 220.75
-9.5 -4.5 209.25
-9.5 -4 198.25
-9.5 -3.5 187.75
-9.5 -3 177.75
-9.5 -2.5 168.25
-9.5 -2 159.25
-9.5 -1.5 150.75
-9.5 -1 142.75
-9.5 -0.5 135.25
-9.5 0 128.25
-9.5 0.5 121.75
-9.5 1 115.75
-9.5 1.5 110.25
-9.5 2 105.25
-9.5 2.5 100.75
-9.5 3 96.75
-9.5 3.5 93.25
-9.5 4 90.25
-9.5 4.5 87.75
-9.5 5 85.75
-9.5 5.5 84.25
-9.5 6 83.25
-9.5 6.5 82.75
-9.5 7 82.75
-9.5 7.5 83.25
-9.5 8 84.25
-9.5 8.5 85.75
-9.5 9 87.75
-9.5 9.5 90.25
-9.5 10 93.25
-9 -10 347
-9 -9.5 330.75
-9 -9 315
-9 -8.5 299.75
-9 -8 285
-9 -7.5 270.75
-9 -7 257
-9 -6.5 243.75
-9 -6 231
-9 -5.5 218.75
-9 -5 207
-9 -4.5 195.75
-9 -4 185
-9 -3.5 174.75
-9 -3 165
-9 -2.5 155.75
-9 -2 147
-9 -1.5 138.75
-9 -1 131
-9 -0.5 123.75
-9 0 117
-9 0.5 110.75
-9 1 105
-9 1.5 99.75
-9 2 95
-9 2.5 90.75
-9 3 87
-9 3.5 83.75
-9 4 81
-9 4.5 78.75
-9 5 77
-9 5.5 75.75
-9 6 75
-9 6.5 74.75
-9 7 75
-9 7.5 75.75
-9 8 77
-9 8.5 78.75
-9 9 81
-9 9.5 83.75
-9 10 87
-8.5 -10 331.25
-8.5 -9.5 315.25
-8.5 -9 299.75
-8.5 -8.5 284.75
-8.5 -8 270.25
-8.5 -7.5 256.25
-8.5 -7 242.75
-8.5 -6.5 229.75
-8.5 -6 217.25
-8.5 -5.5 205.25
-8.5 -5 193.75
-8.5 -4.5 182.75
-8.5 -4 172.25
-8.5 -3.5 162.25
-8.5 -3 152.75
-8.5 -2.5 143.75
-8.5 -2 135.25
-8.5 -1.5 127.25
-8.5 -1 119.75
-8.5 -0.5 112.75
-8.5 0 106.25
-8.5 0.5 100.25
-8.5 1 94.75
-8.5 1.5 89.75
-8.5 2 85.25
-8.5 2.5 81.25
-8.5 3 77.75
-8.5 3.5 74.75
-8.5 4 72.25
-8.5 4.5 70.25
-8.5 5 68.75
-8.5 5.5 67.75
-8.5 6 67.25
-8.5 6.5 67.25
-8.5 7 67.75
-8.5 7.5 68.75
-8.5 8 70.25
-8.5 8.5 72.25
-8.5 9 74.75
-8.5 9.5 77.75
-8.5 10 81.25
-8 -10 316
-8 -9.5 300.25
-8 -9 285
-8 -8.5 270.25
-8 -8 256
-8 -7.5 242.25
-8 -7 229
-8 -6.5 216.25
-8 -6 204
-8 -5.5 192.25
-8 -5 181
-8 -4.5 170.25
-8 -4 160
-8 -3.5 150.25
-8 -3 141
-8 -2.5 132.25
-8 -2 124
-8 -1.5 116.25
-8 -1 109
-8 -0.5 102.25
-8 0 96
-8 0.5 90.25
-8 1 85
-8 1.5 80.25
-8 2 76
-8 2.5 72.25
-8 3 69
-8 3.5 66.25
-8 4 64
-8 4.5 62.25
-8 5 61
-8 5.5 60.25
-8 6 60
-8 6.5 60.25
-8 7 61
-8 7.5 62.25
-8 8 64
-8 8.5 66.25
-8 9 69
-8 9.5 72.25
-8 10 76
-7.5 -10 301.25
-7.5 -9.5 285.75
-7.5 -9 270.75
-7.5 -8.5 256.25
-7.5 -8 242.25
-7.5 -7.5 228.75
-7.5 -7 215.75
-7.5 -6.5 203.25
-7.5 -6 191.25
-7.5 -5.5 179.75
-7.5 -5 168.75
-7.5 -4.5 158.25
-7.5 -4 148.25
-7.5 -3.5 138.75
-7.5 -3 129.75
-7.5 -2.5 121.25
-7.5 -2 113.25
-7.5 -1.5 105.75
-7.5 -1 98.75
-7.5 -0.5 92.25
-7.5 0 86.25
-7.5 0.5 80.75
-7.5 1 75.75
-7.5 1.5 71.25
-7.5 2 67.25
-7.5 2.5 63.75
-7.5 3 60.75
-7.5 3.5 58.25
-7.5 4 56.25
-7.5 4.5 54.75
-7.5 5 53.75
-7.5 5.5 53.25
-7.5 6 53.25
-7.5 6.5 53.75
-7.5 7 54.75
-7.5 7.5 56.25
-7.5 8 58.25
-7.5 8.5 60.75
-7.5 9 63.75
-7.5 9.5 67.25
-7.5 10 71.25
-7 -10 287
-7 -9.5 271.75
-7 -9 257
-7 -8.5 242.75
-7 -8 229
-7 -7.5 215.75
-7 -7 203
-7 -6.5 190.75
-7 -6 179
-7 -5.5 167.75
-7 -5 157
-7 -4.5 146.75
-7 -4 137
-7 -3.5 127.75
-7 -3 119
-7 -2.5 110.75
-7 -2 103
-7 -1.5 95.75
-7 -1 89
-7 -0.5 82.75
-7 0 77
-7 0.5 71.75
-7 1 67
-7 1.5 62.75
-7 2 59
-7 2.5 55.75
-7 3 53
-7 3.5 50.75
-7 4 49
-7 4.5 47.75
-7 5 47
-7 5.5 46.75
-7 6 47
-7 6.5 47.75
-7 7 49
-7 7.5 50.75
-7 8 53
-7 8.5 55.75
-7 9 59
-7 9.5 62.75
-7 10 67
-6.5 -10 273.25
-6.5 -9.5 258.25
-6.5 -9 243.75
-6.5 -8.5 229.75
-6.5 -8 216.25
-6.5 -7.5 203.25
-6.5 -7 190.75
-6.5 -6.5 178.75
-6.5 -6 167.25
-6.5 -5.5 156.25
-6.5 -5 145.75
-6.5 -4.5 135.75
-6.5 -4 126.25
-6.5 -3.5 117.25
-6.5 -3 108.75
-6.5 -2.5 100.75
-6.5 -2 93.25
-6.5 -1.5 86.25
-6.5 -1 79.75
-6.5 -0.5 73.75
-6.5 0 68.25
-6.5 0.5 63.25
-6.5 1 58.75
-6.5 1.5 54.75
-6.5 2 51.25
-6.5 2.5 48.25
-6.5 3 45.75
-6.5 3.5 43.75
-6.5 4 42.25
-6.5 4.5 41.25
-6.5 5 40.75
-6.5 5.5 40.75
-6.5 6 41.25
-6.5 6.5 42.25
-6.5 7 43.75
-6.5 7.5 45.75
-6.5 8 48.25
-6.5 8.5 51.25
-6.5 9 54.75
-6.5 9.5 58.75
-6.5 10 63.25
-6 -10 260
-6 -9.5 245.25
-6 -9 231
-6 -8.5 217.25
-6 -8 204
-6 -7.5 191.25
-6 -7 179
-6 -6.5 167.25
-6 -6 156
-6 -5.5 145.25
-6 -5 135
-6 -4.5 125.25
-6 -4 116
-6 -3.5 107.25
-6 -3 99
-6 -2.5 91.25
-6 -2 84
-6 -1.5 77.25
-6 -1 71
-6 -0.5 65.25
-6 0 60
-6 0.5 55.25
-6 1 51
-6 1.5 47.25
-6 2 44
-6 2.5 41.25
-6 3 39
-6 3.5 37.25
-6 4 36
-6 4.5 35.25
-6 5 35
-6 5.5 35.25
-6 6 36
-6 6.5 37.25
-6 7 39
-6 7.5 41.25
-6 8 44
-6 8.5 47.25
-6 9 51
-6 9.5 55.25
-6 10 60
-5.5 -10 247.25
-5.5 -9.5 232.75
-5.5 -9 218.75
-5.5 -8.5 205.25
-5.5 -8 192.25
-5.5 -7.5 179.75
-5.5 -7 167.75
-5.5 -6.5 156.25
-5.5 -6 145.25
-5.5 -5.5 134.75
-5.5 -5 124.75
-5.5 -4.5 115.25
-5.5 -4 106.25
-5.5 -3.5 97.75
-5.5 -3 89.75
-5.5 -2.5 82.25
-5.5 -2 75.25
-5.5 -1.5 68.75
-5.5 -1 62.75
-5.5 -0.5 57.25
-5.5 0 52.25
-5.5 0.5 47.75
-5.5 1 43.75
-5.5 1.5 40.25
-5.5 2 37.25
-5.5 2.5 34.75
-5.5 3 32.75
-5.5 3.5 31.25
-5.5 4 30.25
-5.5 4.5 29.75
-5.5 5 29.75
-5.5 5.5 30.25
-5.5 6 31.25
-5.5 6.5 32.75
-5.5 7 34.75
-5.5 7.5 37.25
-5.5 8 40.25
-5.5 8.5 43.75
-5.5 9 47.75
-5.5 9.5 52.25
-5.5 10 57.25
-5 -10 235
-5 -9.5 220.75
-5 -9 207
-5 -8.5 193.75
-5 -8 181
-5 -7.5 168.75
-5 -7 157
-5 -6.5 145.75
-5 -6 135
-5 -5.5 124.75
-5 -5 115
-5 -4.5 105.75
-5 -4 97
-5 -3.5 88.75
-5 -3 81
-5 -2.5 73.75
-5 -2 67
-5 -1.5 60.75
-5 -1 55
-5 -0.5 49.75
-5 0 45
-5 0.5 40.75
-5 1 37
-5 1.5 33.75
-5 2 31
-5 2.5 28.75
-5 3 27
-5 3.5 25.75
-5 4 25
-5 4.5 24.75
-5 5 25
-5 5.5 25.75
-5 6 27
-5 6.5 28.75
-5 7 31
-5 7.5 33.75
-5 8 37
-5 8.5 40.75
-5 9 45
-5 9.5 49.75
-5 10 55
-4.5 -10 223.25
-4.5 -9.5 209.25
-4.5 -9 195.75
-4.5 -8.5 182.75
-4.5 -8 170.25
-4.5 -7.5 158.25
-4.5 -7 146.75
-4.5 -6.5 135.75
-4.5 -6 125.25
-4.5 -5.5 115.25
-4.5 -5 105.75
-4.5 -4.5 96.75
-4.5 -4 88.25
-4.5 -3.5 80.25
-4.5 -3 72.75
-4.5 -2.5 65.75
-4.5 -2 59.25
-4.5 -1.5 53.25
-4.5 -1 47.75
-4.5 -0.5 42.75
-4.5 0 38.25
-4.5 0.5 34.25
-4.5 1 30.75
-4.5 1.5 27.75
-4.5 2 25.25
-4.5 2.5 23.25
-4.5 3 21.75
-4.5 3.5 20.75
-4.5 4 20.25
-4.5 4.5 20.25
-4.5 5 20.75
-4.5 5.5 21.75
-4.5 6 23.25
-4.5 6.5 25.25
-4.5 7 27.75
-4.5 7.5 30.75
-4.5 8 34.25
-4.5 8.5 38.25
-4.5 9 42.75
-4.5 9.5 47.75
-4.5 10 53.25
-4 -10 212
-4 -9.5 198.25
-4 -9 185
-4 -8.5 172.25
-4 -8 160
-4 -7.5 148.25
-4 -7 137
-4 -6.5 126.25
-4 -6 116
-4 -5.5 106.25
-4 -5 97
-4 -4.5 88.25
-4 -4 80
-4 -3.5 72.25
-4 -3 65
-4 -2.5 58.25
-4 -2 52
-4 -1.5 46.25
-4 -1 41
-4 -0.5 36.25
-4 0 32
-4 0.5 28.25
-4 1 25
-4 1.5 22.25
-4 2 20
-4 2.5 18.25
-4 3 17
-4 3.5 16.25
-4 4 16
-4 4.5 16.25
-4 5 17
-4 5.5 18.25
-4 6 20
-4 6.5 22.25
-4 7 25
-4 7.5 28.25
-4 8 32
-4 8.5 36.25
-4 9 41
-4 9.5 46.25
-4 10 52
-3.5 -10 201.25
-3.5 -9.5 187.75
-3.5 -9 174.75
-3.5 -8.5 162.25
-3.5 -8 150.25
-3.5 -7.5 138.75
-3.5 -7 127.75
-3.5 -6.5 117.25
-3.5 -6 107.25
-3.5 -5.5 97.75
-3.5 -5 88.75
-3.5 -4.5 80.25
-3.5 -4 72.25
-3.5 -3.5 64.75
-3.5 -3 57.75
-3.5 -2.5 51.25
-3.5 -2 45.25
-3.5 -1.5 39.75
-3.5 -1 34.75
-3.5 -0.5 30.25
-3.5 0 26.25
-3.5 0.5 22.75
-3.5 1 19.75
-3.5 1.5 17.25
-3.5 2 15.25
-3.5 2.5 13.75
-3.5 3 12.75
-3.5 3.5 12.25
-3.5 4 12.25
-3.5 4.5 12.75
-3.5 5 13.75
-3.5 5.5 15.25
-3.5 6 17.25
-3.5 6.5 19.75
-3.5 7 22.75
-3.5 7.5 26.25
-3.5 8 30.25
-3.5 8.5 34.75
-3.5 9 39.75
-3.5 9.5 45.25
-3.5 10 51.25
-3 -10 191
-3 -9.5 177.75
-3 -9 165
-3 -8.5 152.75
-3 -8 141
-3 -7.5 129.75
-3 -7 119
-3 -6.5 108.75
-3 -6 99
-3 -5.5 89.75
-3 -5 81
-3 -4.5 72.75
-3 -4 65
-3 -3.5 57.75
-3 -3 51
-3 -2.5 44.75
-3 -2 39
-3 -1.5 33.75
-3 -1 29
-3 -0.5 24.75
-3 0 21
-3 0.5 17.75
-3 1 15
-3 1.5 12.75
-3 2 11
-3 2.5 9.75
-3 3 9
-3 3.5 8.75
-3 4 9
-3 4.5 9.75
-3 5 11
-3 5.5 12.75
-3 6 15
-3 6.5 17.75
-3 7 21
-3 7.5 24.75
-3 8 29
-3 8.5 33.75
-3 9 39
-3 9.5 44.75
-3 10 51
-2.5 -10 181.25
-2.5 -9.5 168.25
-2.5 -9 155.75
-2.5 -8.5 143.75
-2.5 -8 132.25
-2.5 -7.5 121.25
-2.5 -7 110.75
-2.5 -6.5 100.75
-2.5 -6 91.25
-2.5 -5.5 82.25
-2.5 -5 73.75
-2.5 -4.5 65.75
-2.5 -4 58.25
-2.5 -3.5 51.25
-2.5 -3 44.75
-2.5 -2.5 38.75
-2.5 -2 33.25
-2.5 -1.5 28.25
-2.5 -1 23.75
-2.5 -0.5 19.75
-2.5 0 16.25
-2.5 0.5 13.25
-2.5 1 10.75
-2.5 1.5 8.75
-2.5 2 7.25
-2.5 2.5 6.25
-2.5 3 5.75
-2.5 3.5 5.75
-2.5 4 6.25
-2.5 4.5 7.25
-2.5 5 8.75
-2.5 5.5 10.75
-2.5 6 13.25
-2.5 6.5 16.25
-2.5 7 19.75
-2.5 7.5 23.75
-2.5 8 28.25
-2.5 8.5 33.25
-2.5 9 38.75
-2.5 9.5 44.75
-2.5 10 51.25
-2 -10 172
-2 -9.5 159.25
-2 -9 147
-2 -8.5 135.25
-2 -8 124
-2 -7.5 113.25
-2 -7 103
-2 -6.5 93.25
-2 -6 84
-2 -5.5 75.25
-2 -5 67
-2 -4.5 59.25
-2 -4 52
-2 -3.5 45.25
-2 -3 39
-2 -2.5 33.25
-2 -2 28
-2 -1.5 23.25
-2 -1 19
-2 -0.5 15.25
-2 0 12
-2 0.5 9.25
-2 1 7
-2 1.5 5.25
-2 2 4
-2 2.5 3.25
-2 3 3
-2 3.5 3.25
-2 4 4
-2 4.5 5.25
-2 5 7
-2 5.5 9.25
-2 6 12
-2 6.5 15.25
-2 7 19
-2 7.5 23.25
-2 8 28
-2 8.5 33.25
-2 9 39
-2 9.5 45.25
-2 10 52
-1.5 -10 163.25
-1.5 -9.5 150.75
-1.5 -9 138.75
-1.5 -8.5 127.25
-1.5 -8 116.25
-1.5 -7.5 105.75
-1.5 -7 95.75
-1.5 -6.5 86.25
-1.5 -6 77.25
-1.5 -5.5 68.75
-1.5 -5 60.75
-1.5 -4.5 53.25
-1.5 -4 46.25
-1.5 -3.5 39.75
-1.5 -3 33.75
-1.5 -2.5 28.25
-1.5 -2 23.25
-1.5 -1.5 18.75
-1.5 -1 14.75
-1.5 -0.5 11.25
-1.5 0 8.25
-1.5 0.5 5.75
-1.5 1 3.75
-1.5 1.5 2.25
-1.5 2 1.25
-1.5 2.5 0.75
-1.5 3 0.75
-1.5 3.5 1.25
-1.5 4 2.25
-1.5 4.5 3.75
-1.5 5 5.75
-1.5 5.5 8.25
-1.5 6 11.25
-1.5 6.5 14.75
-1.5 7 18.75
-1.5 7.5 23.25
-1.5 8 28.25
-1.5 8.5 33.75
-1.5 9 39.75
-1.5 9.5 46.25
-1.5 10 53.25
-1 -10 155
-1 -9.5 142.75
-1 -9 131
-1 -8.5 119.75
-1 -8 109
-1 -7.5 98.75
-1 -7 89
-1 -6.5 79.75
-1 -6 71
-1 -5.5 62.75
-1 -5 55
-1 -4.5 47.75
-1 -4 41
-1 -3.5 34.75
-1 -3 29
-1 -2.5 23.75
-1 -2 19
-1 -1.5 14.75
-1 -1 11
-1 -0.5 7.75
-1 0 5
-1 0.5 2.75
-1 1 1
-1 1.5 -0.25
-1 2 -1
-1 2.5 -1.25
-1 3 -1
-1 3.5 -0.25
-1 4 1
-1 4.5 2.75
-1 5 5
-1 5.5 7.75
-1 6 11
-1 6.5 14.75
-1 7 19
-1 7.5 23.75
-1 8 29
-1 8.5 34.75
-1 9 41
-1 9.5 47.75
-1 10 55
-0.5 -10 147.25
-0.5 -9.5 135.25
-0.5 -9 123.75
-0.5 -8.5 112.75
-0.5 -8 102.25
-0.5 -7.5 92.25
-0.5 -7 82.75
-0.5 -6.5 73.75
-0.5 -6 65.25
-0.5 -5.5 57.25
-0.5 -5 49.75
-0.5 -4.5 42.75
-0.5 -4 36.25
-0.5 -3.5 30.25
-0.5 -3 24.75
-0.5 -2.5 19.75
-0.5 -2 15.25
-0.5 -1.5 11.25
-0.5 -1 7.75
-0.5 -0.5 4.75
-0.5 0 2.25
-0.5 0.5 0.25
-0.5 1 -1.25
-0.5 1.5 -2.25
-0.5 2 -2.75
-0.5 2.5 -2.75
-0.5 3 -2.25
-0.5 3.5 -1.25
-0.5 4 0.25
-0.5 4.5 2.25
-0.5 5 4.75
-0.5 5.5 7.75
-0.5 6 11.25
-0.5 6.5 15.25
-0.5 7 19.75
-0.5 7.5 24.75
-0.5 8 30.25
-0.5 8.5 36.25
-0.5 9 42.75
-0.5 9.5 49.75
-0.5 10 57.25
0 -10 140
0 -9.5 128.25
0 -9 117
0 -8.5 106.25
0 -8 96
0 -7.5 86.25
0 -7 77
0 -6.5 68.25
0 -6 60
0 -5.5 52.25
0 -5 45
0 -4.5 38.25
0 -4 32
0 -3.5 26.25
0 -3 21
0 -2.5 16.25
0 -2 12
0 -1.5 8.25
0 -1 5
0 -0.5 2.25
0 0 0
0 0.5 -1.75
0 1 -3
0 1.5 -3.75
0 2 -4
0 2.5 -3.75
0 3 -3
0 3.5 -1.75
0 4 0
0 4.5 2.25
0 5 5
0 5.5 8.25
0 6 12
0 6.5 16.25
0 7 21
0 7.5 26.25
0 8 32
0 8.5 38.25
0 9 45
0 9.5 52.25
0 10 60
0.5 -10 133.25
0.5 -9.5 121.75
0.5 -9 110.75
0.5 -8.5 100.25
0.5 -8 90.25
0.5 -7.5 80.75
0.5 -7 71.75
0.5 -6.5 63.25
0.5 -6 55.25
0.5 -5.5 47.75
0.5 -5 40.75
0.5 -4.5 34.25
0.5 -4 28.25
0.5 -3.5 22.75
0.5 -3 17.75
0.5 -2.5 13.25
0.5 -2 9.25
0.5 -1.5 5.75
0.5 -1 2.75
0.5 -0.5 0.25
0.5 0 -1.75
0.5 0.5 -3.25
0.5 1 -4.25
0.5 1.5 -4.75
0.5 2 -4.75
0.5 2.5 -4.25
0.5 3 -3.25
0.5 3.5 -1.75
0.5 4 0.25
0.5 4.5 2.75
0.5 5 5.75
0.5 5.5 9.25
0.5 6 13.25
0.5 6.5 17.75
0.5 7 22.75
0.5 7.5 28.25
0.5 8 34.25
0.5 8.5 40.75
0.5 9 47.75
0.5 9.5 55.25
0.5 10 63.25
1 -10 127
1 -9.5 115.75
1 -9 105
1 -8.5 94.75
1 -8 85
1 -7.5 75.75
1 -7 67
1 -6.5 58.75
1 -6 51
1 -5.5 43.75
1 -5 37
1 -4.5 30.75
1 -4 25
1 -3.5 19.75
1 -3 15
1 -2.5 10.75
1 -2 7
1 -1.5 3.75
1 -1 1
1 -0.5 -1.25
1 0 -3
1 0.5 -4.25
1 1 -5
1 1.5 -5.25
1 2 -5
1 2.5 -4.25
1 3 -3
1 3.5 -1.25
1 4 1
1 4.5 3.75
1 5 7
1 5.5 10.75
1 6 15
1 6.5 19.75
1 7 25
1 7.5 30.75
1 8 37
1 8.5 43.75
1 9 51
1 9.5 58.75
1 10 67
1.5 -10 121.25
1.5 -9.5 110.25
1.5 -9 99.75
1.5 -8.5 89.75
1.5 -8 80.25
1.5 -7.5 71.25
1.5 -7 62.75
1.5 -6.5 54.75
1.5 -6 47.25
1.5 -5.5 40.25
1.5 -5 33.75
1.5 -4.5 27.75
1.5 -4 22.25
1.5 -3.5 17.25
1.5 -3 12.75
1.5 -2.5 8.75
1.5 -2 5.25
1.5 -1.5 2.25
1.5 -1 -0.25
1.5 -0.5 -2.25
1.5 0 -3.75
1.5 0.5 -4.75
1.5 1 -5.25
1.5 1.5 -5.25
1.5 2 -4.75
1.5 2.5 -3.75
1.5 3 -2.25
1.5 3.5 -0.25
1.5 4 2.25
1.5 4.5 5.25
1.5 5 8.75
1.5 5.5 12.75
1.5 6 17.25
1.5 6.5 22.25
1.5 7 27.75
1.5 7.5 33.75
1.5 8 40.25
1.5 8.5 47.25
1.5 9 54.75
1.5 9.5 62.75
1.5 10 71.25
2 -10 116
2 -9.5 105.25
2 -9 95
2 -8.5 85.25
2 -8 76
2 -7.5 67.25
2 -7 59
2 -6.5 51.25
2 -6 44
2 -5.5 37.25
2 -5 31
2 -4.5 25.25
2 -4 20
2 -3.5 15.25
2 -3 11
2 -2.5 7.25
2 -2 4
2 -1.5 1.25
2 -1 -1
2 -0.5 -2.75
2 0 -4
2 0.5 -4.75
2 1 -5
2 1.5 -4.75
2 2 -4
2 2.5 -2.75
2 3 -1
2 3.5 1.25
2 4 4
2 4.5 7.25
2 5 11
2 5.5 15.25
2 6 20
2 6.5 25.25
2 7 31
2 7.5 37.25
2 8 44
2 8.5 51.25
2 9 59
2 9.5 67.25
2 10 76
2.5 -10 111.25
2.5 -9.5 100.75
2.5 -9 90.75
2.5 -8.5 81.25
2.5 -8 72.25
2.5 -7.5 63.75
2.5 -7 55.75
2.5 -6.5 48.25
2.5 -6 41.25
2.5 -5.5 34.75
2.5 -5 28.75
2.5 -4.5 23.25
2.5 -4 18.25
2.5 -3.5 13.75
2.5 -3 9.75
2.5 -2.5 6.25
2.5 -2 3.25
2.5 -1.5 0.75
2.5 -1 -1.25
2.5 -0.5 -2.75
2.5 0 -3.75
2.5 0.5 -4.25
2.5 1 -4.25
2.5 1.5 -3.75
2.5 2 -2.75
2.5 2.5 -1.25
2.5 3 0.75
2.5 3.5 3.25
2.5 4 6.25
2.5 4.5 9.75
2.5 5 13.75
2.5 5.5 18.25
2.5 6 23.25
2.5 6.5 28.75
2.5 7 34.75
2.5 7.5 41.25
2.5 8 48.25
2.5 8.5 55.75
2.5 9 63.75
2.5 9.5 72.25
2.5 10 81.25
3 -10 107
3 -9.5 96.75
3 -9 87
3 -8.5 77.75
3 -8 69
3 -7.5 60.75
3 -7 53
3 -6.5 45.75
3 -6 39
3 -5.5 32.75
3 -5 27
3 -4.5 21.75
3 -4 17
3 -3.5 12.75
3 -3 9
3 -2.5 5.75
3 -2 3
3 -1.5 0.75
3 -1 -1
3 -0.5 -2.25
3 0 -3
3 0.5 -3.25
3 1 -3
3 1.5 -2.25
3 2 -1
3 2.5 0.75
3 3 3
3 3.5 5.75
3 4 9
3 4.5 12.75
3 5 17
3 5.5 21.75
3 6 27
3 6.5 32.75
3 7 39
3 7.5 45.75
3 8 53
3 8.5 60.75
3 9 69
3 9.5 77.75
3 10 87
3.5 -10 103.25
3.5 -9.5 93.25
3.5 -9 83.75
3.5 -8.5 74.75
3.5 -8 66.25
3.5 -7.5 58.25
3.5 -7 50.75
3.5 -6.5 43.75
3.5 -6 37.25
3.5 -5.5 31.25
3.5 -5 25.75
3.5 -4.5 20.75
3.5 -4 16.25
3.5 -3.5 12.25
3.5 -3 8.75
3.5 -2.5 5.75
3.5 -2 3.25
3.5 -1.5 1.25
3.5 -1 -0.25
3.5 -0.5 -1.25
3.5 0 -1.75
3.5 0.5 -1.75
3.5 1 -1.25
3.5 1.5 -0.25
3.5 2 1.25
3.5 2.5 3.25
3.5 3 5.75
3.5 3.5 8.75
3.5 4 12.25
3.5 4.5 16.25
3.5 5 20.75
3.5 5.5 25.75
3.5 6 31.25
3.5 6.5 37.25
3.5 7 43.75
3.5 7.5 50.75
3.5 8 58.25
3.5 8.5 66.25
3.5 9 74.75
3.5 9.5 83.75
3.5 10 93.25
4 -10 100
4 -9.5 90.25
4 -9 81
4 -8.5 72.25
4 -8 64
4 -7.5 56.25
4 -7 49
4 -6.5 42.25
4 -6 36
4 -5.5 30.25
4 -5 25
4 -4.5 20.25
4 -4 16
4 -3.5 12.25
4 -3 9
4 -2.5 6.25
4 -2 4
4 -1.5 2.25
4 -1 1
4 -0.5 0.25
4 0 0
4 0.5 0.25
4 1 1
4 1.5 2.25
4 2 4
4 2.5 6.25
4 3 9
4 3.5 12.25
4 4 16
4 4.5 20.25
4 5 25
4 5.5 30.25
4 6 36
4 6.5 42.25
4 7 49
4 7.5 56.25
4 8 64
4 8.5 72.25
4 9 81
4 9.5 90.25
4 10 100
4.5 -10 97.25
4.5 -9.5 87.75
4.5 -9 78.75
4.5 -8.5 70.25
4.5 -8 62.25
4.5 -7.5 54.75
4.5 -7 47.75
4.5 -6.5 41.25
4.5 -6 35.25
4.5 -5.5 29.75
4.5 -5 24.75
4.5 -4.5 20.25
4.5 -4 16.25
4.5 -3.5 12.75
4.5 -3 9.75
4.5 -2.5 7.25
4.5 -2 5.25
4.5 -1.5 3.75
4.5 -1 2.75
4.5 -0.5 2.25
4.5 0 2.25
4.5 0.5 2.75
4.5 1 3.75
4.5 1.5 5.25
4.5 2 7.25
4.5 2.5 9.75
4.5 3 12.75
4.5 3.5 16.25
4.5 4 20.25
4.5 4.5 24.75
4.5 5 29.75
4.5 5.5 35.25
4.5 6 41.25
4.5 6.5 47.75
4.5 7 54.75
4.5 7.5 62.25
4.5 8 70.25
4.5 8.5 78.75
4.5 9 87.75
4.5 9.5 97.25
4.5 10 107.25
5 -10 95
5 -9.5 85.75
5 -9 77
5 -8.5 68.75
5 -8 61
5 -7.5 53.75
5 -7 47
5 -6.5 40.75
5 -6 35
5 -5.5 29.75
5 -5 25
5 -4.5 20.75
5 -4 17
5 -3.5 13.75
5 -3 11
5 -2.5 8.75
5 -2 7
5 -1.5 5.75
5 -1 5
5 -0.5 4.75
5 0 5
5 0.5 5.75
5 1 7
5 1.5 8.75
5 2 11
5 2.5 13.75
5 3 17
5 3.5 20.75
5 4 25
5 4.5 29.75
5 5 35
5 5.5 40.75
5 6 47
5 6.5 53.75
5 7 61
5 7.5 68.75
5 8 77
5 8.5 85.75
5 9 95
5 9.5 104.75
5 10 115
5.5 -10 93.25
5.5 -9.5 84.25
5.5 -9 75.75
5.5 -8.5 67.75
5.5 -8 60.25
5.5 -7.5 53.25
5.5 -7 46.75
5.5 -6.5 40.75
5.5 -6 35.25
5.5 -5.5 30.25
5.5 -5 25.75
5.5 -4.5 21.75
5.5 -4 18.25
5.5 -3.5 15.25
5.5 -3 12.75
5.5 -2.5 10.75
5.5 -2 9.25
5.5 -1.5 8.25
5.5 -1 7.75
5.5 -0.5 7.75
5.5 0 8.25
5.5 0.5 9.25
5.5 1 10.75
5.5 1.5 12.75
5.5 2 15.25
5.5 2.5 18.25
5.5 3 21.75
5.5 3.5 25.75
5.5 4 30.25
5.5 4.5 35.25
5.5 5 40.75
5.5 5.5 46.75
5.5 6 53.25
5.5 6.5 60.25
5.5 7 67.75
5.5 7.5 75.75
5.5 8 84.25
5.5 8.5 93.25
5.5 9 102.75
5.5 9.5 112.75
5.5 10 123.25
6 -10 92
6 -9.5 83.25
6 -9 75
6 -8.5 67.25
6 -8 60
6 -7.5 53.25
6 -7 47
6 -6.5 41.25
6 -6 36
6 -5.5 31.25
6 -5 27
6 -4.5 23.25
6 -4 20
6 -3.5 17.25
6 -3 15
6 -2.5 13.25
6 -2 12
6 -1.5 11.25
6 -1 11
6 -0.5 11.25
6 0 12
6 0.5 13.25
6 1 15
6 1.5 17.25
6 2 20
6 2.5 23.25
6 3 27
6 3.5 31.25
6 4 36
6 4.5 41.25
6 5 47
6 5.5 53.25
6 6 60
6 6.5 67.25
6 7 75
6 7.5 83.25
6 8 92
6 8.5 101.25
6 9 111
6 9.5 121.25
6 10 132
6.5 -10 91.25
6.5 -9.5 82.75
6.5 -9 74.75
6.5 -8.5 67.25
6.5 -8 60.25
6.5 -7.5 53.75
6.5 -7 47.75
6.5 -6.5 42.25
6.5 -6 37.25
6.5 -5.5 32.75
6.5 -5 28.75
6.5 -4.5 25.25
6.5 -4 22.25
6.5 -3.5 19.75
6.5 -3 17.75
6.5 -2.5 16.25
6.5 -2 15.25
6.5 -1.5 14.75
6.5 -1 14.75
6.5 -0.5 15.25
6.5 0 16.25
6.5 0.5 17.75
6.5 1 19.75
6.5 1.5 22.25
6.5 2 25.25
6.5 2.5 28.75
6.5 3 32.75
6.5 3.5 37.25
6.5 4 42.25
6.5 4.5 47.75
6.5 5 53.75
6.5 5.5 60.25
6.5 6 67.25
6.5 6.5 74.75
6.5 7 82.75
6.5 7.5 91.25
6.5 8 100.25
6.5 8.5 109.75
6.5 9 119.75
6.5 9.5 130.25
6.5 10 141.25
7 -10 91
7 -9.5 82.75
7 -9 75
7 -8.5 67.75
7 -8 61
7 -7.5 54.75
7 -7 49
7 -6.5 43.75
7 -6 39
7 -5.5 34.75
7 -5 31
7 -4.5 27.75
7 -4 25
7 -3.5 22.75
7 -3 21
7 -2.5 19.75
7 -2 19
7 -1.5 18.75
7 -1 19
7 -0.5 19.75
7 0 21
7 0.5 22.75
7 1 25
7 1.5 27.75
7 2 31
7 2.5 34.75
7 3 39
7 3.5 43.75
7 4 49
7 4.5 54.75
7 5 61
7 5.5 67.75
7 6 75
7 6.5 82.75
7 7 91
7 7.5 99.75
7 8 109
7 8.5 118.75
7 9 129
7 9.5 139.75
7 10 151
7.5 -10 91.25
7.5 -9.5 83.25
7.5 -9 75.75
7.5 -8.5 68.75
7.5 -8 62.25
7.5 -7.5 56.25
7.5 -7 50.75
7.5 -6.5 45.75
7.5 -6 41.25
7.5 -5.5 37.25
7.5 -5 33.75
7.5 -4.5 30.75
7.5 -4 28.25
7.5 -3.5 26.25
7.5 -3 24.75
7.5 -2.5 23.75
7.5 -2 23.25
7.5 -1.5 23.25
7.5 -1 23.75
7.5 -0.5 24.75
7.5 0 26.25
7.5 0.5 28.25
7.5 1 30.75
7.5 1.5 33.75
7.5 2 37.25
7.5 2.5 41.25
7.5 3 45.75
7.5 3.5 50.75
7.5 4 56.25
7.5 4.5 62.25
7.5 5 68.75
7.5 5.5 75.75
7.5 6 83.25
7.5 6.5 91.25
7.5 7 99.75
7.5 7.5 108.75
7.5 8 118.25
7.5 8.5 128.25
7.5 9 138.75
7.5 9.5 149.75
7.5 10 161.25
8 -10 92
8 -9.5 84.25
8 -9 77
8 -8.5 70.25
8 -8 64
8 -7.5 58.25
8 -7 53
8 -6.5 48.25
8 -6 44
8 -5.5 40.25
8 -5 37
8 -4.5 34.25
8 -4 32
8 -3.5 30.25
8 -3 29
8 -2.5 28.25
8 -2 28
8 -1.5 28.25
8 -1 29
8 -0.5 30.25
8 0 32
8 0.5 34.25
8 1 37
8 1.5 40.25
8 2 44
8 2.5 48.25
8 3 53
8 3.5 58.25
8 4 64
8 4.5 70.25
8 5 77
8 5.5 84.25
8 6 92
8 6.5 100.25
8 7 109
8 7.5 118.25
8 8 128
8 8.5 138.25
8 9 149
8 9.5 160.25
8 10 172
8.5 -10 93.25
8.5 -9.5 85.75
8.5 -9 78.75
8.5 -8.5 72.25
8.5 -8 66.25
8.5 -7.5 60.75
8.5 -7 55.75
8.5 -6.5 51.25
8.5 -6 47.25
8.5 -5.5 43.75
8.5 -5 40.75
8.5 -4.5 38.25
8.5 -4 36.25
8.5 -3.5 34.75
8.5 -3 33.75
8.5 -2.5 33.25
8.5 -2 33.25
8.5 -1.5 33.75
8.5 -1 34.75
8.5 -0.5 36.25
8.5 0 38.25
8.5 0.5 40.75
8.5 1 43.75
8.5 1.5 47.25
8.5 2 51.25
8.5 2.5 55.75
8.5 3 60.75
8.5 3.5 66.25
8.5 4 72.25
8.5 4.5 78.75
8.5 5 85.75
8.5 5.5 93.25
8.5 6 101.25
8.5 6.5 109.75
8.5 7 118.75
8.5 7.5 128.25
8.5 8 138.25
8.5 8.5 148.75
8.5 9 159.75
8.5 9.5 171.25
8.5 10 183.25
9 -10 95
9 -9.5 87.75
9 -9 81
9 -8.5 74.75
9 -8 69
9 -7.5 63.75
9 -7 59
9 -6.5 54.75
9 -6 51
9 -5.5 47.75
9 -5 45
9 -4.5 42.75
9 -4 41
9 -3.5 39.75
9 -3 39
9 -2.5 38.75
9 -2 39
9 -1.5 39.75
9 -1 41
9 -0.5 42.75
9 0 45
9 0.5 47.75
9 1 51
9 1.5 54.75
9 2 59
9 2.5 63.75
9 3 69
9 3.5 74.75
9 4 81
9 4.5 87.75
9 5 95
9 5.5 102.75
9 6 111
9 6.5 119.75
9 7 129
9 7.5 138.75
9 8 149
9 8.5 159.75
9 9 171
9 9.5 182.75
9 10 195
9.5 -10 97.25
9.5 -9.5 90.25
9.5 -9 83.75
9.5 -8.5 77.75
9.5 -8 72.25
9.5 -7.5 67.25
9.5 -7 62.75
9.5 -6.5 58.75
9.5 -6 55.25
9.5 -5.5 52.25
9.5 -5 49.75
9.5 -4.5 47.75
9.5 -4 46.25
9.5 -3.5 45.25
9.5 -3 44.75
9.5 -2.5 44.75
9.5 -2 45.25
9.5 -1.5 46.25
9.5 -1 47.75
9.5 -0.5 49.75
9.5 0 52.25
9.5 0.5 55.25
9.5 1 58.75
9.5 1.5 62.75
9.5 2 67.25
9.5 2.5 72.25
9.5 3 77.75
9.5 3.5 83.75
9.5 4 90.25
9.5 4.5 97.25
9.5 5 104.75
9.5 5.5 112.75
9.5 6 121.25
9.5 6.5 130.25
9.5 7 139.75
9.5 7.5 149.75
9.5 8 160.25
9.5 8.5 171.25
9.5 9 182.75
9.5 9.5 194.75
9.5 10 207.25
10 -10 100
10 -9.5 93.25
10 -9 87
10 -8.5 81.25
10 -8 76
10 -7.5 71.25
10 -7 67
10 -6.5 63.25
10 -6 60
10 -5.5 57.25
10 -5 55
10 -4.5 53.25
10 -4 52
10 -3.5 51.25
10 -3 51
10 -2.5 51.25
10 -2 52
10 -1.5 53.25
10 -1 55
10 -0.5 57.25
10 0 60
10 0.5 63.25
10 1 67
10 1.5 71.25
10 2 76
10 2.5 81.25
10 3 87
10 3.5 93.25
10 4 100
10 4.5 107.25
10 5 115
10 5.5 123.25
10 6 132
10 6.5 141.25
10 7 151
10 7.5 161.25
10 8 172
10 8.5 183.25
10 9 195
10 9.5 207.25
10 10 220
