x y interpolated
-3 -0.3 -0.3
-2.94472 -0.304478 -0.0794078
-2.88945 -0.309068 0.089026
-2.83417 -0.313774 0.212154
-2.77889 -0.318598 0.296211
-2.72362 -0.323543 0.346852
-2.66834 -0.328612 0.369196
-2.61307 -0.333805 0.36786
-2.55779 -0.339127 0.346996
-2.50251 -0.344577 0.310323
-2.44724 -0.350157 0.26116
-2.39196 -0.355868 0.202458
-2.33668 -0.361711 0.136822
-2.28141 -0.367683 0.0665464
-2.22613 -0.373784 -0.0063679
-2.17085 -0.380011 -0.0801842
-2.11558 -0.38636 -0.15341
-2.0603 -0.392824 -0.224775
-2.00503 -0.399397 -0.293212
-1.94975 -0.406069 -0.357838
-1.89447 -0.412827 -0.417936
-1.8392 -0.419655 -0.472943
-1.78392 -0.426533 -0.522426
-1.72864 -0.433439 -0.566078
-1.67337 -0.440342 -0.603697
-1.61809 -0.447207 -0.635178
-1.56281 -0.453991 -0.660501
-1.50754 -0.460645 -0.679718
-1.45226 -0.467106 -0.692947
-1.39698 -0.473303 -0.700358
-1.34171 -0.479151 -0.702171
-1.28643 -0.484549 -0.698643
-1.23116 -0.48938 -0.690064
-1.17588 -0.493509 -0.676748
-1.1206 -0.496776 -0.659031
-1.06533 -0.499001 -0.637262
-1.01005 -0.499975 -0.6118
-0.954774 -0.499465 -0.58301
-0.899497 -0.497208 -0.551259
-0.844221 -0.492916 -0.516911
-0.788945 -0.486272 -0.480326
-0.733668 -0.476944 -0.441856
-0.678392 -0.464583 -0.401845
-0.623116 -0.448842 -0.360623
-0.567839 -0.429387 -0.318507
-0.512563 -0.405919 -0.275801
-0.457286 -0.378201 -0.232791
-0.40201 -0.346079 -0.189747
-0.346734 -0.309522 -0.146921
-0.291457 -0.268637 -0.104547
-0.236181 -0.223702 -0.0628399
-0.180905 -0.175172 -0.0219979
-0.125628 -0.123676 0.0178011
-0.0703518 -0.0700053 0.0563974
-0.0150754 -0.015072 0.0936493
0.040201 0.0401361 0.129433
0.0954774 0.0946149 0.163643
0.150754 0.147404 0.196188
0.20603 0.197641 0.226997
0.261307 0.244605 0.256011
0.316583 0.287744 0.283188
0.371859 0.326685 0.308499
0.427136 0.361231 0.331929
0.482412 0.391339 0.353475
0.537688 0.417101 0.373146
0.592965 0.438711 0.390962
0.648241 0.456438 0.406952
0.703518 0.4706 0.421153
0.758794 0.481539 0.433614
0.81407 0.489604 0.444387
0.869347 0.495139 0.453532
0.924623 0.498468 0.461115
0.979899 0.499897 0.467207
1.03518 0.499701 0.471882
1.09045 0.498131 0.475218
1.14573 0.495409 0.477294
1.20101 0.491729 0.478194
1.25628 0.487263 0.477999
1.31156 0.482158 0.476794
1.36683 0.476542 0.474662
1.42211 0.470524 0.471687
1.47739 0.464197 0.46795
1.53266 0.45764 0.463531
1.58794 0.45092 0.45851
1.64322 0.444093 0.452962
1.69849 0.437206 0.44696
1.75377 0.430298 0.440576
1.80905 0.423402 0.433875
1.86432 0.416543 0.426922
1.9196 0.409745 0.419777
1.97487 0.403025 0.412495
2.03015 0.396397 0.405129
2.08543 0.389872 0.397726
2.1407 0.383459 0.390332
2.19598 0.377165 0.382985
2.25126 0.370995 0.375722
2.30653 0.364952 0.368574
2.36181 0.359039 0.361568
2.41709 0.353256 0.35473
2.47236 0.347604 0.348078
2.52764 0.342083 0.34163
2.58291 0.336692 0.335397
2.63819 0.331429 0.32939
2.69347 0.326292 0.323615
2.74874 0.32128 0.318075
2.80402 0.316391 0.312771
2.8593 0.31162 0.307701
2.91457 0.306967 0.302861
2.96985 0.302429 0.298244
3.02513 0.298001 0.293843
3.0804 0.293683 0.289647
3.13568 0.28947 0.285646
3.19095 0.28536 0.281828
3.24623 0.281351 0.278178
3.30151 0.277439 0.274683
3.35678 0.273621 0.27133
3.41206 0.269895 0.268102
3.46734 0.266259 0.264987
3.52261 0.262709 0.261969
3.57789 0.259243 0.259033
3.63317 0.255859 0.256168
3.68844 0.252553 0.253359
3.74372 0.249325 0.250595
3.79899 0.246171 0.247864
3.85427 0.243089 0.245156
3.90955 0.240077 0.242463
3.96482 0.237133 0.239776
4.0201 0.234255 0.23709
4.07538 0.231441 0.234398
4.13065 0.228689 0.231698
4.18593 0.225998 0.228987
4.24121 0.223364 0.226263
4.29648 0.220788 0.223529
4.35176 0.218267 0.220784
4.40704 0.215799 0.218033
4.46231 0.213383 0.215279
4.51759 0.211017 0.212527
4.57286 0.208701 0.209785
4.62814 0.206432 0.207058
4.68342 0.204209 0.204356
4.73869 0.202032 0.201686
4.79397 0.199897 0.199058
4.84925 0.197806 0.196481
4.90452 0.195755 0.193965
4.9598 0.193745 0.191519
5.01508 0.191774 0.189152
5.07035 0.189841 0.186873
5.12563 0.187944 0.18469
5.1809 0.186084 0.182612
5.23618 0.184258 0.180645
5.29146 0.182467 0.178795
5.34673 0.180709 0.177065
5.40201 0.178983 0.17546
5.45729 0.177288 0.173979
5.51256 0.175624 0.172624
5.56784 0.17399 0.171392
5.62312 0.172385 0.170279
5.67839 0.170809 0.16928
5.73367 0.16926 0.168385
5.78894 0.167738 0.167586
5.84422 0.166242 0.16687
5.8995 0.164772 0.166222
5.95477 0.163326 0.165628
6.01005 0.161906 0.165068
6.06533 0.160509 0.164523
6.1206 0.159135 0.163971
6.17588 0.157783 0.163389
6.23116 0.156454 0.162754
6.28643 0.155147 0.16204
6.34171 0.15386 0.161222
6.39698 0.152595 0.160274
6.45226 0.151349 0.159172
6.50754 0.150123 0.157889
6.56281 0.148916 0.156404
6.61809 0.147728 0.154695
6.67337 0.146558 0.152743
6.72864 0.145407 0.150532
6.78392 0.144273 0.148052
6.8392 0.143155 0.145297
6.89447 0.142055 0.142264
6.94975 0.140971 0.138962
7.00503 0.139904 0.135403
7.0603 0.138852 0.131611
7.11558 0.137815 0.127619
7.17085 0.136793 0.12347
7.22613 0.135786 0.119222
7.28141 0.134794 0.114944
7.33668 0.133815 0.110723
7.39196 0.132851 0.106661
7.44724 0.1319 0.102878
7.50251 0.130962 0.0995147
7.55779 0.130037 0.0967318
7.61307 0.129125 0.0947137
7.66834 0.128226 0.0936692
7.72362 0.127338 0.0938335
7.77889 0.126463 0.0954697
7.83417 0.125599 0.0988707
7.88945 0.124747 0.104361
7.94472 0.123907 0.112299
8 0.123077 0.123077
